16 -0.00069156 -0.0036572 0.00151979 0.38948 -0.58631 -0.0773401
48 -0.00130643 -0.00132944 0.00240532 0.33974 -0.54813 -0.0812502
80 -0.00230119 -0.00153727 0.00173189 0.30069 -0.49072 -0.09127
112 -0.00238219 -0.00105084 0.00441495 0.26859 -0.41401 -0.0937901
144 -0.00271712 -0.000618402 0.00365811 0.24825 -0.33166 -0.0987101
176 -0.0029279 -0.00109726 0.00432515 0.215 -0.24751 -0.10333
208 -0.00261309 -0.00098513 0.00405331 0.19056 -0.1599 -0.10841
240 -0.00266546 -0.00111113 0.00494122 0.16165 -0.07354 -0.11619
272 -0.00267174 -0.000655999 0.00465332 0.13933 0.00149 -0.12508
528 -0.00202696 -0.00176068 -0.00038406 0.33103 -0.54631 -0.0562901
560 -0.00212656 -0.0006898 0.00104725 0.30697 -0.4779 -0.05825
592 -0.00286727 -0.00102088 0.00103731 0.27764 -0.39545 -0.0641599
624 -0.00327252 -0.00095262 0.00109682 0.24326 -0.29996 -0.0646601
656 -0.0029274 -0.00057482 0.00175577 0.21999 -0.20734 -0.0635099
688 -0.00271938 -0.00030539 0.00160712 0.19862 -0.1231 -0.0651503
720 -0.00218445 -0.00073553 0.00226463 0.17056 -0.05137 -0.0662599
752 -0.00132581 -0.00099947 0.00228188 0.1346 0.00448 -0.06809
784 -0.000419346 -0.00194555 0.000687127 0.0875401 0.0363001 -0.07442
1040 -0.00174119 -0.00181956 0.00173857 0.31454 -0.65718 0.05686
1072 -0.00282986 -0.00094153 0.000901519 0.28282 -0.57874 0.0591898
1104 -0.00345161 -0.00072803 0.000204073 0.25155 -0.48056 0.0550299
1136 -0.00339432 -0.00088794 0.000363 0.21703 -0.37534 0.0565901
1168 -0.00329868 -0.0009802 0.000183633 0.18724 -0.2729 0.0553298
1200 -0.00314317 -0.0008956 0.000235785 0.15124 -0.17099 0.05301
1232 -0.0025418 -0.00108812 -0.000333487 0.11631 -0.08621 0.0510101
1264 -0.00226609 -0.00087195 -0.000609034 0.07584 -0.01317 0.04811
1296 -0.00103937 -0.00120235 -0.000771147 0.04039 0.0413901 0.04672
1552 0.000234342 0.000892042 0.0059539 -0.48922 -0.0747499 0.19619
1584 0.000703208 0.001806 0.00179159 -0.45573 -0.0925 0.18655
1616 0.00131594 0.00145963 0.00123855 -0.42041 -0.1183 0.18868
1648 0.0014275 0.00180285 -0.00238078 -0.37916 -0.149 0.19393
1680 0.00150753 0.00170446 -0.0039669 -0.33585 -0.17003 0.19797
1712 0.00115607 0.00161261 -0.00392142 -0.29232 -0.18974 0.19625
1744 0.00089385 0.00172995 -0.0050571 -0.25477 -0.21002 0.19264
1776 0.00045178 0.00141602 -0.0059015 -0.22305 -0.21871 0.18886
1808 0.00110824 0.00134424 -0.00272118 -0.18966 -0.2215 0.19112
2064 0.00192388 0.00269268 0.0083771 -0.39096 -0.0743999 0.28448
2096 0.00053361 0.00215816 0.0053892 -0.33011 -0.10148 0.27258
2128 0.00097409 0.00226712 0.0044059 -0.2739 -0.11913 0.26681
2160 0.000533384 0.00173705 0.00297606 -0.2295 -0.13448 0.26558
2192 0.000972032 0.0014108 0.00239557 -0.1938 -0.14828 0.26262
2224 0.000528841 0.00100389 0.00101677 -0.17149 -0.16245 0.26131
2256 0.000395907 0.00061898 0.0005419 -0.16423 -0.1699 0.25708
2288 0.00010325 -0.00038452 -0.00283804 -0.18241 -0.16181 0.25085
2320 0.00027875 -0.00031835 -0.0055444 -0.20716 -0.1546 0.24994
2576 0.000387532 -5.515e-05 0.00186504 -0.37214 -0.07235 0.30142
2608 -0.000188344 0.000697798 0.00116741 -0.3591 -0.07512 0.29437
2640 0.000468626 0.00109265 0.00109295 -0.33174 -0.07831 0.29273
2672 0.00062699 0.00111248 7.389e-05 -0.30771 -0.08919 0.28954
2704 0.00051891 0.00089529 -0.00022448 -0.29185 -0.0955 0.28601
2736 0.00041452 0.00132737 -0.00107012 -0.27328 -0.10594 0.28425
2768 0.00051326 0.00081719 -0.00126593 -0.25654 -0.11213 0.28067
2800 0.00030907 0.00076687 -0.00161802 -0.25075 -0.12085 0.26915
2832 -0.00010029 -6.355e-06 -0.00124176 -0.2569 -0.1263 0.27059
3088 -0.000824048 0.000175828 -0.0053867 -0.30436 -0.08636 0.35584
3120 -0.000972456 0.00123281 -0.00490156 -0.26568 -0.05654 0.34981
3152 -0.000340728 0.00146648 -0.00562266 -0.23242 -0.0364 0.33997
3184 -0.000295378 0.00098923 -0.00489183 -0.20849 -0.03001 0.33544
3216 0.00071592 0.00015996 -0.00451638 -0.2011 -0.03125 0.32783
3248 0.000738367 -0.00021763 -0.0041929 -0.21389 -0.05288 0.32299
3280 0.00132812 -0.0005785 -0.00371933 -0.23316 -0.08295 0.31533
3312 0.00113056 -0.00026631 -0.00320635 -0.25433 -0.11866 0.30796
3344 0.00031676 -0.00017106 -0.00174912 -0.28028 -0.14717 0.30336
3600 -0.00199206 0.00104208 -0.0085212 -0.2883 -0.10691 0.35336
3632 -0.00087408 0.000804945 -0.0061305 -0.25883 -0.0778 0.33428
3664 -0.00053676 0.00064399 -0.00575139 -0.2479 -0.0668399 0.32478
3696 -0.00088674 0.000765498 -0.00598409 -0.24303 -0.06084 0.32244
3728 0.00105008 -0.00065008 -0.00586203 -0.25144 -0.06827 0.31198
3760 0.000472218 5.425e-05 -0.00427263 -0.25904 -0.08048 0.30719
3792 0.00064109 -0.00010049 -0.00329576 -0.27157 -0.10002 0.29715
3824 0.0005225 -1.007e-05 -0.00310834 -0.28413 -0.12458 0.28785
3856 0.00038697 -0.0004707 -0.00206108 -0.29622 -0.14219 0.28477
4112 -0.00091383 -0.000628218 0.011354 -0.23086 -0.05348 0.39512
4144 -0.000640115 -0.00032804 0.0056638 -0.23026 -0.04637 0.3745
4176 -0.00011954 -0.00017121 0.00378545 -0.23824 -0.04939 0.36331
4208 0.00029817 -0.00017703 0.00383523 -0.24491 -0.06699 0.35554
4240 2.622e-05 -0.0002118 0.00297003 -0.25457 -0.08564 0.34687
4272 0.00074724 -0.00022134 0.00225921 -0.2646 -0.10457 0.34081
4304 0.0007565 -0.00042687 0.0012832 -0.27802 -0.13212 0.33227
4336 0.000702002 -0.00024628 0.0013507 -0.29128 -0.15832 0.32016
4368 0.00051682 -0.000601794 -0.00220796 -0.29819 -0.18026 0.31276
4624 -0.00104453 0.000340395 -0.00676863 0.20715 -0.5331 -0.12182
4656 -0.00129101 0.000519066 -0.00464688 0.22124 -0.496 -0.1303
4688 -0.00199876 1.2402e-05 -0.00485542 0.22189 -0.4393 -0.14351
4720 -0.00243817 0.000202156 -0.00475294 0.22096 -0.36861 -0.15321
4752 -0.00292705 0.00010268 -0.0044127 0.21343 -0.27945 -0.16226
4784 -0.00268273 -1.544e-06 -0.00240205 0.2105 -0.18745 -0.17488
4816 -0.00236176 0.000322822 -0.0016795 0.20382 -0.09743 -0.1843
4848 -0.00177614 0.000591453 -0.00283466 0.20328 -0.01676 -0.19637
4880 -0.0022862 -5.8996e-05 -0.00412244 0.20302 0.05884 -0.21366
5136 -0.00197311 -0.00175353 -0.00466957 0.31363 -0.54533 -0.13027
5168 -0.00166469 -0.00062783 -0.00251791 0.29186 -0.4941 -0.13458
5200 -0.00256 -0.000739789 -0.00294863 0.26868 -0.42624 -0.14579
5232 -0.00266747 -0.000543945 -0.00250992 0.2481 -0.34136 -0.15317
5264 -0.00282705 -0.000439953 -0.00121766 0.22795 -0.25501 -0.15795
5296 -0.00280057 -0.000295826 -0.00162626 0.20963 -0.16331 -0.16755
5328 -0.00249448 -7.0574e-05 -6.13e-05 0.19686 -0.07927 -0.17546
5360 -0.00216009 -9.3438e-05 -0.000305338 0.18086 -9.0003e-05 -0.18711
5392 -0.00152409 0.00010139 0.000312535 0.17491 0.05756 -0.20168
5648 -0.00204177 -0.0026025 -0.00220545 0.37775 -0.52226 -0.06809
5680 -0.00198702 -0.00135243 -0.0018964 0.33581 -0.46877 -0.0739303
5712 -0.00249635 -0.00118874 -0.00211133 0.29693 -0.40457 -0.0808001
5744 -0.00290586 -0.00077772 -0.00132135 0.26879 -0.31668 -0.0888901
5776 -0.00304201 -0.000542655 -0.00056335 0.23383 -0.22511 -0.0967698
5808 -0.0028796 -0.000166788 -0.000315575 0.22149 -0.13452 -0.1017
5840 -0.00246405 -0.000279882 0.000388771 0.19828 -0.05178 -0.10727
5872 -0.00224058 -0.0002431 0.00157607 0.1746 0.01843 -0.12032
5904 -0.00130462 -0.00102331 0.00360126 0.15476 0.070188 -0.12911
65552 -0.00106234 0.000924698 0.00389787 -0.0543499 -0.33401 -0.32779
65584 -0.000591181 0.00103233 0.00311058 -0.0185099 -0.30254 -0.33503
65616 -0.000680447 0.000679505 0.00327147 0.0102401 -0.28027 -0.344
65648 -0.000459913 0.000809657 0.0024618 0.0331903 -0.26212 -0.34433
65680 -0.000761592 0.000992658 0.00242948 0.06425 -0.2435 -0.35028
65712 -0.000461844 0.000731125 0.00168121 0.0929904 -0.22218 -0.35456
65744 -0.000372797 0.000381887 0.000824246 0.10883 -0.2085 -0.36014
65776 -0.000579143 6.02608e-05 0.00045032 0.12073 -0.19308 -0.36751
65808 -0.000251546 0.000273506 0.000263235 0.13536 -0.18118 -0.37162
66064 -5.89734e-05 0.000110538 0.00437921 -0.16242 -0.39545 -0.38652
66096 0.000350374 0.000509637 0.0032933 -0.15661 -0.40114 -0.39223
66128 -7.9629e-05 0.000555322 0.00225918 -0.13855 -0.40154 -0.3986
66160 -0.000288886 0.000720883 0.00157314 -0.11405 -0.39505 -0.40148
66192 -0.000394053 0.00104475 0.00124816 -0.0844398 -0.38652 -0.40389
66224 -0.00106465 0.00137902 0.000291007 -0.0472298 -0.36283 -0.40656
66256 -0.00111327 0.00094975 0.000495679 -0.00422001 -0.32557 -0.40865
66288 -0.00146855 0.00113429 -0.00059821 0.03021 -0.28597 -0.41414
66320 -0.00214864 0.00136858 -0.00123894 0.0777001 -0.23278 -0.41824
66576 -0.000576046 0.000483916 0.00439729 -0.21737 -0.43719 -0.24751
66608 -0.000502898 0.000787325 0.00340202 -0.19593 -0.417 -0.25277
66640 -0.00078385 0.000796971 0.00228775 -0.16861 -0.39232 -0.25775
66672 -0.00103892 0.00075902 0.00195428 -0.14367 -0.36391 -0.26285
66704 -0.00116332 0.000973911 0.00106892 -0.11135 -0.32654 -0.26512
66736 -0.00135398 0.00148716 0.000396033 -0.0748396 -0.28758 -0.27025
66768 -0.00128909 0.00172806 -0.000316085 -0.0225396 -0.24504 -0.27576
66800 -0.00099401 0.00172649 -0.00106518 0.0338001 -0.20998 -0.27964
66832 -0.00123531 0.00187599 -0.00163057 0.09303 -0.17493 -0.28225
67088 -0.000381735 0.000842754 0.00605104 -0.2548 -0.49645 -0.38319
67120 -0.00139912 0.0013522 0.00524542 -0.22868 -0.44831 -0.38455
67152 -0.00166692 0.00159871 0.00370835 -0.18811 -0.39547 -0.38563
67184 -0.00132711 0.00185848 0.00344786 -0.14017 -0.34297 -0.38354
67216 -0.00139195 0.00192424 0.00197278 -0.0790496 -0.29069 -0.38563
67248 -0.00117221 0.00172369 0.00114937 -0.0243597 -0.24589 -0.38795
67280 -0.00137352 0.00134406 0.00070546 0.0248404 -0.19964 -0.39069
67312 -0.000741361 0.00110958 3.8982e-05 0.06603 -0.16344 -0.39452
67344 -0.00098985 0.000941422 -0.00109949 0.10458 -0.13667 -0.39632
67600 0.00037718 -0.00048835 -0.012295 -0.0845399 -0.0903699 0.30111
67632 0.00074786 0.00021919 -0.0121905 -0.0906897 -0.11087 0.29423
67664 0.00057591 4.32e-06 -0.0113886 -0.0879297 -0.13316 0.2901
67696 0.00041017 0.00016847 -0.0108158 -0.0844798 -0.15457 0.28973
67728 0.00016908 -0.00027391 -0.0096331 -0.0836096 -0.16406 0.28538
67760 -0.000209269 -0.00042015 -0.0083593 -0.0910697 -0.16609 0.28341
67792 0.00010104 -0.00043705 -0.0075146 -0.10494 -0.16314 0.27763
67824 -0.000174133 -0.00034013 -0.0053281 -0.1161 -0.16449 0.27097
67856 0.000254863 -0.00043852 -0.0038822 -0.13042 -0.15847 0.27027
68112 0.0010794 -0.00112596 -0.0138929 -0.13606 0.108194 0.2469
68144 0.000694846 -0.00078147 -0.0135223 -0.16291 0.081046 0.23993
68176 0.00084619 -0.000573165 -0.0115044 -0.1833 0.06045 0.23638
68208 0.000764369 -9.9868e-05 -0.00970044 -0.19358 0.03939 0.2363
68240 0.000794805 0.000201518 -0.0085636 -0.18829 0.01757 0.23054
68272 0.000777573 0.000331176 -0.00783158 -0.18171 -0.00694001 0.23183
68304 0.000723148 9.67e-06 -0.00640115 -0.17584 -0.02758 0.2302
68336 0.00107203 0.000432895 -0.00526322 -0.17 -0.05145 0.22473
68368 0.00132991 0.00029091 -0.0040456 -0.15908 -0.08196 0.22296
68624 0.0012344 -0.00144136 -0.0154599 -0.28494 0.256947 0.34293
68656 0.00099925 -0.000817623 -0.0142431 -0.32237 0.218293 0.33862
68688 0.00126828 -0.00016919 -0.0125105 -0.33589 0.185308 0.33753
68720 0.00143282 0.000611638 -0.010697 -0.32987 0.141462 0.33163
68752 0.00140453 0.000798415 -0.00898949 -0.30477 0.096588 0.33111
68784 0.00121877 0.000869242 -0.00743132 -0.28007 0.05398 0.33665
68816 0.00111738 0.000687947 -0.00535069 -0.25569 0.0158401 0.33343
68848 0.00113023 0.00084929 -0.00454873 -0.23095 -0.01574 0.32886
68880 0.00086856 0.00059544 -0.00214903 -0.20945 -0.0473 0.32917
69136 0.00191589 -0.00115741 -0.0125854 -0.46237 0.308427 0.31401
69168 0.00151017 -0.000846166 -0.0113975 -0.49045 0.253121 0.31188
69200 0.00160945 -4.4487e-05 -0.00951594 -0.50448 0.205723 0.31511
69232 0.00155819 0.000771061 -0.0084582 -0.49045 0.15709 0.31038
69264 0.0015015 0.00113134 -0.00708646 -0.45994 0.115475 0.31115
69296 0.00127715 0.00142563 -0.00564341 -0.4193 0.071672 0.31478
69328 0.00160208 0.00178193 -0.00437746 -0.37027 0.02854 0.31487
69360 0.00155934 0.00172546 -0.00280028 -0.32009 -0.01603 0.31224
69392 0.00137164 0.00166797 -0.00131656 -0.27033 -0.0557899 0.31358
69648 0.00180029 -0.00109703 -0.014463 -0.53876 0.30474 0.23209
69680 0.00184849 -0.000299145 -0.0133598 -0.56863 0.243174 0.229
69712 0.00197148 0.00052017 -0.0121911 -0.56656 0.185996 0.22244
69744 0.0013243 0.00114664 -0.0102467 -0.54136 0.134863 0.22064
69776 0.00094626 0.00159037 -0.0084629 -0.50123 0.103712 0.21677
69808 0.00113967 0.00137868 -0.0069054 -0.45854 0.071472 0.21254
69840 0.00152854 0.00154349 -0.0053384 -0.41081 0.03626 0.21125
69872 0.00129432 0.00195275 -0.00378616 -0.35542 -0.00410998 0.20687
69904 0.00132931 0.001532 -0.00233286 -0.30105 -0.0415 0.20297
70160 0.00175041 0.000126933 -0.0099354 -0.7143 0.214989 0.35293
70192 0.00263038 0.00036404 -0.00962217 -0.70941 0.136083 0.34628
70224 0.00224967 0.00116476 -0.0090653 -0.69249 0.0633401 0.34089
70256 0.00168157 0.00125807 -0.0076294 -0.6569 0.00445998 0.33661
70288 0.00151457 0.00178549 -0.0067531 -0.61372 -0.04308 0.32909
70320 0.00088659 0.00202307 -0.00554593 -0.55456 -0.07995 0.32619
70352 0.00088198 0.00261485 -0.0044184 -0.48423 -0.1056 0.32144
70384 0.00045596 0.00302512 -0.00376724 -0.4008 -0.12443 0.31607
70416 0.000144159 0.00313655 -0.00305879 -0.31267 -0.13065 0.30965
70672 0.00223357 0.00021942 -0.0112302 -0.76097 0.152237 0.3523
70704 0.00180277 0.00117793 -0.0103548 -0.73094 0.095803 0.3439
70736 0.00140562 0.00174102 -0.0094262 -0.68593 0.04677 0.33745
70768 0.00113416 0.00209635 -0.0088677 -0.62718 0.00786996 0.33165
70800 0.00105931 0.00216093 -0.0081625 -0.56626 -0.02288 0.32195
70832 0.00084285 0.00226263 -0.0066343 -0.49873 -0.05232 0.32093
70864 0.00064787 0.00245248 -0.0053205 -0.42961 -0.0785 0.31446
70896 0.000664209 0.00260976 -0.0044803 -0.35288 -0.0978299 0.30588
70928 5.188e-05 0.00258969 -0.0029446 -0.27585 -0.11096 0.29791
71184 0.00179421 0.00160428 -0.0014188 -0.84673 0.03944 0.38938
71216 0.00138771 0.00173362 -0.0018455 -0.78981 -0.0148 0.37368
71248 0.00086956 0.00224242 -0.0022305 -0.72832 -0.05144 0.36239
71280 0.00058305 0.00241645 -0.00230095 -0.65945 -0.07888 0.35415
71312 9.774e-05 0.00267379 -0.0018262 -0.58713 -0.0851099 0.34336
71344 0.000171425 0.00252271 -0.00259678 -0.50807 -0.0914299 0.33753
71376 0.000138785 0.00236652 -0.00280812 -0.4344 -0.09709 0.33039
71408 8.0768e-05 0.00245375 -0.00268428 -0.36174 -0.09981 0.31752
71440 0.00023113 0.00225172 -0.00284189 -0.29029 -0.10533 0.30962
71696 -0.000931033 -4.2522e-05 -0.00111803 -0.0454798 -0.31444 -0.23083
71728 -0.000768051 0.000348719 -0.00067683 -0.0335097 -0.29467 -0.24195
71760 -0.00110898 0.000277334 -0.00110004 -0.0220499 -0.26743 -0.25446
71792 -0.00120715 0.000394051 -0.0009614 -0.00661993 -0.23424 -0.26178
71824 -0.00135461 0.000365027 -0.00114656 0.00531006 -0.19544 -0.2704
71856 -0.00119227 0.000455678 -0.00132857 0.0238004 -0.16109 -0.27841
71888 -0.00106887 0.000826399 -0.00142757 0.04597 -0.127 -0.28636
71920 -0.00105188 0.000961933 -0.00180751 0.0755401 -0.09578 -0.29955
71952 -0.000598545 0.00114238 -0.00213984 0.1103 -0.07339 -0.30954
72208 0.000275968 0.00149368 -7.89e-05 -0.0934396 -0.42188 -0.17928
72240 0.000139407 0.00104088 -0.0008784 -0.0454798 -0.42597 -0.19075
72272 -0.000523977 0.00105462 -0.00091279 -0.00852966 -0.42233 -0.20179
72304 -0.000814168 0.00102831 -0.00108646 0.0295501 -0.40329 -0.21209
72336 -0.00136708 0.00113805 -0.00089175 0.0620804 -0.36746 -0.22344
72368 -0.0013864 0.000819743 -0.00141037 0.0954003 -0.32154 -0.22927
72400 -0.00152591 0.000799774 -0.00126215 0.12395 -0.27781 -0.23799
72432 -0.00158595 0.000661229 -0.0013264 0.14451 -0.22742 -0.2511
72464 -0.00191533 0.000201426 -0.00149735 0.15748 -0.17572 -0.26074
72720 -0.00145162 0.00121765 -0.00168019 -0.0459399 -0.36726 -0.38863
72752 -0.00115593 0.000936855 -0.00171986 -0.0117898 -0.32721 -0.40231
72784 -0.00140863 0.000125123 -0.00183517 0.0128002 -0.29271 -0.41247
72816 -0.000795226 0.000520267 -0.00190223 0.0243101 -0.25751 -0.41909
72848 -0.000535052 0.000314506 -0.00151219 0.0434504 -0.24147 -0.42795
72880 -0.000892127 0.000695094 -0.00127031 0.0590801 -0.21808 -0.43434
72912 -0.00116327 0.0005069 -0.000544765 0.0763302 -0.18647 -0.4417
72944 -0.00103606 0.000152396 -0.00148922 0.0999503 -0.15733 -0.45333
72976 -0.0006231 0.000473916 4.65801e-06 0.11325 -0.1369 -0.46096
73232 -0.00125294 5.3643e-05 0.000846179 -0.0535898 -0.36039 -0.30594
73264 -0.00080163 0.000620369 1.8274e-05 -0.0403399 -0.32652 -0.3134
73296 -0.000763299 0.000411181 0.000249153 -0.0213099 -0.30037 -0.32483
73328 -0.000724604 0.000723816 -0.000288697 0.00171041 -0.27367 -0.32988
73360 -0.000694782 0.000926919 -0.000297269 0.0293603 -0.25322 -0.3353
73392 -0.000724931 0.000815171 -0.000246019 0.0573702 -0.22873 -0.34232
73424 -0.000736784 0.000668872 -0.000181078 0.08007 -0.20808 -0.34832
73456 -0.000666213 0.000572295 -0.000341599 0.09905 -0.18658 -0.36055
73488 -0.000583803 0.000446465 0.00030584 0.11807 -0.17245 -0.3645
131088 -0.000227587 0.0012666 0.00127245 -0.39091 -0.22838 -0.36455
131120 -0.000400414 0.00192112 0.0026091 -0.36103 -0.2152 -0.37426
131152 -0.000333231 9.27501e-05 -0.000227067 -0.32155 -0.20335 -0.38081
131184 -0.000353688 0.00227005 -0.000336543 -0.28905 -0.19344 -0.38418
131216 -0.000319705 0.00129162 0.000817964 -0.24769 -0.18569 -0.38962
131248 -6.713e-06 0.00087728 0.000902303 -0.20641 -0.17547 -0.38969
131280 -0.000160645 0.00111259 -0.0012321 -0.15339 -0.16993 -0.39573
131312 -0.000376971 0.00218642 -0.000123683 -0.10073 -0.16696 -0.40117
131344 3.1779e-05 0.00207916 -0.00248862 -0.0389199 -0.17277 -0.39925
131600 7.5098e-05 0.00105606 0.00340544 -0.46225 -0.26799 -0.34518
131632 0.00072264 0.00109223 0.00254738 -0.44315 -0.28473 -0.34971
131664 -0.000177224 0.00149396 0.00181703 -0.41714 -0.30379 -0.35709
131696 -0.000303685 0.00186159 -0.00023536 -0.37195 -0.29889 -0.35867
131728 -0.000648234 0.00131855 0.000658342 -0.32087 -0.29399 -0.36332
131760 -0.000415597 0.00181532 0.0007358 -0.25798 -0.27286 -0.36456
131792 -0.00101378 0.00232637 0.000604512 -0.19408 -0.25543 -0.36586
131824 -0.00101547 0.00216367 5.02996e-06 -0.12124 -0.22834 -0.37004
131856 -0.00081967 0.00179309 -0.00201689 -0.0403199 -0.20152 -0.36651
132112 -0.000175482 0.00157586 0.00456396 -0.49514 -0.26596 -0.29939
132144 0.00045797 0.00080945 0.00070819 -0.44438 -0.25661 -0.30919
132176 -0.000327899 0.00229972 0.00146732 -0.38486 -0.25074 -0.31061
132208 -0.000576074 0.0023362 0.00133833 -0.32585 -0.24083 -0.31388
132240 -0.000141848 0.00177924 2.6088e-05 -0.26002 -0.23326 -0.31394
132272 -0.000588452 0.0017882 -0.000909185 -0.19955 -0.22202 -0.31846
132304 -0.000777918 0.00209391 0.00105428 -0.13648 -0.21136 -0.32017
132336 -0.000644307 0.00170206 -0.00135112 -0.07687 -0.19555 -0.32156
132368 -0.000751407 0.00284799 -0.00396894 -0.01899 -0.18777 -0.31696
132624 -0.00194306 0.00207987 0.0055691 -0.50853 -0.31801 -0.2758
132656 -0.000764298 0.00146768 0.00163654 -0.45359 -0.29734 -0.28459
132688 -0.00133219 0.00286082 0.00321966 -0.39324 -0.28435 -0.28611
132720 -0.00077541 0.00175894 9.0519e-05 -0.32937 -0.26187 -0.28931
132752 -0.000803246 0.00185725 -7.4268e-05 -0.26199 -0.23829 -0.2898
132784 -0.00113045 0.0017307 0.00110138 -0.20281 -0.21219 -0.29054
132816 -0.00092799 0.00179344 -0.00127153 -0.13579 -0.18538 -0.29077
132848 -0.000342493 0.00167071 -0.00240766 -0.06882 -0.16186 -0.29553
132880 -0.00119975 0.00218061 -0.00303618 -0.00390959 -0.14005 -0.28857
133136 0.000950291 0.00142404 0.00213375 -0.49666 -0.40452 -0.14433
133168 -2.1467e-05 0.0019359 0.00077813 -0.4579 -0.40667 -0.14744
133200 -9.2431e-05 0.00232388 0.00109626 -0.40495 -0.39702 -0.14728
133232 -0.00106138 0.00212662 -0.000286603 -0.3492 -0.37164 -0.14566
133264 -0.00079325 0.00203658 0.00035324 -0.28429 -0.33345 -0.14526
133296 -0.00207304 0.00278921 0.000510433 -0.22321 -0.29353 -0.14651
133328 -0.00246739 0.0025473 0.00120955 -0.15656 -0.25464 -0.14364
133360 -0.00233875 0.00218407 -0.000151728 -0.0931597 -0.19722 -0.14706
133392 -0.00188314 0.00391612 4.866e-05 -0.0243998 -0.13148 -0.14336
133648 -0.0002673 -0.000119449 -0.0072153 -0.28691 -0.18858 0.3623
133680 -0.00096717 0.00076698 -0.00723043 -0.28728 -0.17873 0.3619
133712 0.00054907 0.00033255 -0.00717116 -0.27057 -0.17459 0.35972
133744 -6.06e-06 0.00066783 -0.0082625 -0.24898 -0.17822 0.35652
133776 -5.773e-05 0.00150723 -0.0077872 -0.21652 -0.17762 0.35299
133808 0.000565794 0.00160354 -0.0092102 -0.17998 -0.1982 0.34872
133840 0.000459997 0.000864731 -0.00613688 -0.14844 -0.21314 0.34563
133872 0.00011789 0.000396059 -0.00816805 -0.12944 -0.20856 0.34315
133904 -0.00059476 0.00054273 -0.0060605 -0.11013 -0.19556 0.34319
134160 -0.00143938 -0.0011843 -0.0094504 -0.28491 -0.08621 0.32187
134192 -3.793e-05 -0.000230464 -0.0099971 -0.3015 -0.0775499 0.32152
134224 9.59558e-05 0.0008044 -0.0090814 -0.30395 -0.06501 0.31718
134256 -0.0001272 0.000413896 -0.0103087 -0.29247 -0.05999 0.31688
134288 -5.7317e-05 0.00115028 -0.009162 -0.27006 -0.05571 0.31363
134320 -0.00017738 0.00081245 -0.008579 -0.23919 -0.0544699 0.31565
134352 0.000269844 0.00098709 -0.0092984 -0.20942 -0.0583 0.3187
134384 -3.587e-05 0.00105811 -0.0094623 -0.18368 -0.06594 0.31044
134416 0.00079939 0.00118644 -0.00687103 -0.15011 -0.08722 0.31443
134672 0.00037699 0.000276895 -0.0084803 -0.32272 0.074688 0.35487
134704 -0.00065762 1.78201e-06 -0.0084575 -0.32505 0.080396 0.35876
134736 0.000149449 0.000130177 -0.0072644 -0.3314 0.091407 0.35902
134768 -5.81995e-06 -4.656e-05 -0.0080103 -0.32698 0.091809 0.35761
134800 0.00034489 0.00017862 -0.0069972 -0.31426 0.08547 0.35822
134832 0.000835026 0.00114098 -0.0088541 -0.29739 0.069963 0.36089
134864 0.00060254 0.000673522 -0.007734 -0.26996 0.04992 0.36422
134896 0.00155825 0.00158728 -0.0079782 -0.24046 0.0274 0.36093
134928 0.00133547 0.00117057 -0.0065219 -0.21566 0.00286996 0.36325
135184 0.000663911 0.00012199 -0.0079604 -0.47808 0.130168 0.35136
135216 3.8235e-05 -0.00173182 -0.0078616 -0.4958 0.116149 0.35427
135248 0.000223962 -0.00045497 -0.0066532 -0.5322 0.113246 0.35774
135280 0.000711188 0.0005531 -0.0063431 -0.5426 0.102706 0.35047
135312 0.00101867 0.00211128 -0.0056553 -0.494 0.07871 0.35189
135344 0.0007688 0.0013745 -0.0058077 -0.45195 0.0501601 0.35332
135376 0.00139756 0.00173913 -0.0051829 -0.40895 0.0207 0.3545
135408 0.00170794 0.00176188 -0.0047162 -0.36308 -0.0134 0.35545
135440 0.00212984 0.0025004 -0.00388472 -0.3237 -0.04409 0.34713
135696 0.000352384 -0.00140951 -0.0086762 -0.56728 0.136472 0.34487
135728 3.513e-05 -0.0002627 -0.00680992 -0.58506 0.119947 0.34944
135760 0.00041248 0.00067895 -0.0070352 -0.58673 0.110378 0.34667
135792 0.000372696 0.00123124 -0.0078501 -0.57001 0.09808 0.34306
135824 0.000482244 0.00064466 -0.00578046 -0.54455 0.090463 0.34234
135856 0.00019551 0.00105887 -0.00672854 -0.50971 0.076654 0.34205
135888 0.000473465 0.0013281 -0.0061066 -0.47046 0.06485 0.33898
135920 0.00016774 0.00152443 -0.00364152 -0.41854 0.05064 0.34191
135952 -0.000146702 0.00312256 -0.0046575 -0.36023 0.04097 0.33832
136208 0.00155031 -0.0010583 -0.00199102 -0.63447 0.121624 0.36118
136240 0.00066255 0.00014156 -0.0034657 -0.62658 0.093686 0.3604
136272 0.00091527 0.00100454 -0.0039567 -0.60792 0.074491 0.35383
136304 0.00064692 0.00025524 -0.0050091 -0.58283 0.0536801 0.34804
136336 0.000596081 0.00123891 -0.0046375 -0.55287 0.04239 0.34215
136368 0.000241259 0.00157962 -0.0038197 -0.51779 0.03036 0.33878
136400 0.00063548 0.00140362 -0.0032514 -0.47493 0.0276 0.33522
136432 -3.668e-05 0.00215147 -0.0048466 -0.42828 0.02705 0.3289
136464 -0.000588745 0.00164064 -0.00245217 -0.37503 0.04254 0.32136
136720 -0.00132758 0.00088286 -0.0020222 -0.63754 0.06361 0.36331
136752 0.00085096 -0.00064519 -0.0019666 -0.62627 0.05463 0.35717
136784 3.94571e-05 0.00088305 2.653e-05 -0.6245 0.03324 0.34842
136816 -0.00057174 0.00126533 0.0003531 -0.59348 0.03808 0.33934
136848 0.00031811 0.00103013 -0.0005107 -0.56436 0.04205 0.33228
136880 -4.998e-05 0.0012076 0.00075197 -0.52925 0.04237 0.32398
136912 -0.0003264 0.00162842 -0.00031274 -0.48792 0.03978 0.31906
136944 -3.124e-05 0.00178355 0.00206067 -0.4378 0.0379601 0.31037
136976 0.00020029 0.00109189 0.00049394 -0.39012 0.03439 0.30093
137232 -0.00049382 0.0006004 -0.0011781 -0.61152 0.096781 0.38715
137264 0.000658096 -0.00010682 -0.0015901 -0.59022 0.096787 0.3875
137296 3.7e-05 0.00141112 -0.0015146 -0.56221 0.098012 0.37966
137328 -0.00080115 0.00131896 -0.0025993 -0.52353 0.105877 0.36987
137360 0.000286043 0.00087534 -0.0016781 -0.48678 0.110545 0.36193
137392 0.000481907 0.00110516 -0.0022848 -0.45255 0.102965 0.35625
137424 0.000662654 0.00073838 -0.0018081 -0.4252 0.091156 0.34865
137456 0.000589438 0.00053796 -0.00261241 -0.39945 0.072246 0.34171
137488 0.00096624 0.00048255 -0.00458684 -0.37844 0.05668 0.32842
137744 -0.00113738 0.00115761 -0.0039759 -0.6564 0.159297 0.43753
137776 1.952e-05 0.00013198 -0.00273657 -0.61649 0.191157 0.43221
137808 -0.000341272 0.00181619 -0.0059922 -0.58435 0.193193 0.4222
137840 -3.0796e-05 0.00125383 -0.0043979 -0.54667 0.184257 0.406
137872 0.00023701 0.00150563 -0.0048514 -0.50909 0.178943 0.39137
137904 0.000460667 0.00116291 -0.0063965 -0.47103 0.166348 0.38233
137936 0.00060076 0.00126649 -0.00486259 -0.44017 0.142896 0.37584
137968 0.00207503 9.132e-05 -0.0071087 -0.41142 0.103455 0.36716
138000 0.00196745 0.00037735 -0.00536363 -0.38395 0.05999 0.3513
138256 0.00063148 0.00159446 -0.0033522 -0.69999 0.184908 0.41937
138288 -0.00025184 0.0001932 -0.00376012 -0.67694 0.173385 0.40773
138320 0.00031147 0.00091175 -0.004853 -0.65461 0.169655 0.39083
138352 0.000492405 0.00113392 -0.00501148 -0.62789 0.162185 0.37764
138384 2.471e-05 0.00136895 -0.00368697 -0.59369 0.153803 0.36514
138416 0.00121897 0.00179213 -0.00452354 -0.54973 0.135221 0.35693
138448 0.00114895 0.00141536 -0.0050954 -0.50721 0.101498 0.34842
138480 0.0025342 0.00127683 -0.0060638 -0.46467 0.05279 0.33343
138512 0.00170917 0.0019685 -0.0064394 -0.42286 3.00407e-05 0.32385
138768 -0.000107236 0.00128036 -0.00193457 -0.40063 -0.11148 -0.0504498
138800 -0.000326421 0.00105847 -0.00360054 -0.3664 -0.08991 -0.0689101
138832 -0.00128201 0.00091022 -0.00441092 -0.33411 -0.06016 -0.08179
138864 -0.0011279 0.00118631 -0.00429628 -0.29265 -0.02593 -0.0932798
138896 -0.00163486 0.00140063 -0.00500348 -0.24932 0.01107 -0.10487
138928 -0.00131702 0.00080788 -0.00441059 -0.20786 0.04645 -0.11304
138960 -0.00090252 0.0006877 -0.00426841 -0.17102 0.06514 -0.12063
138992 0.000732546 0.00179592 -0.0048199 -0.13183 0.06306 -0.13567
139024 0.00096751 0.00192538 -0.00388415 -0.0816798 0.0397201 -0.14171
139280 0.000468018 0.00160063 -0.00199784 -0.39752 -0.20506 -0.21663
139312 -0.000154221 0.00171126 -0.00184661 -0.34946 -0.19968 -0.23659
139344 -0.00094066 0.00087467 -0.00123525 -0.31471 -0.18991 -0.24378
139376 -0.000715616 0.0009113 -0.00107092 -0.28067 -0.16591 -0.25391
139408 -0.000863992 0.0011781 -0.00102502 -0.25094 -0.14155 -0.26675
139440 -0.000976004 0.00089699 -0.0001486 -0.21435 -0.1183 -0.27393
139472 -0.00155902 0.00043813 -0.00104652 -0.18011 -0.0927399 -0.28055
139504 0.000662649 0.0016747 -0.000947082 -0.13771 -0.07482 -0.29258
139536 -0.000738399 0.00165054 0.000580549 -0.09162 -0.06429 -0.29883
139792 -0.00149524 0.00037372 -0.00159074 -0.38555 -0.19406 -0.25014
139824 -0.000215208 0.00180632 0.000541274 -0.33338 -0.18468 -0.26939
139856 -0.000164703 0.00124256 0.000400059 -0.28814 -0.18394 -0.27849
139888 -0.00027746 0.00111866 0.000210247 -0.25017 -0.16905 -0.28914
139920 -0.000412473 0.00111592 0.000859041 -0.21689 -0.15369 -0.29759
139952 -0.000922946 0.00053703 -0.000849999 -0.1817 -0.13366 -0.30693
139984 0.000384879 0.00176147 0.000352143 -0.14773 -0.11965 -0.31347
140016 -0.000164936 0.00135106 0.000916902 -0.11874 -0.10778 -0.32632
140048 -0.000793495 0.000835211 0.00041689 -0.0807099 -0.10804 -0.33033
140304 -0.00060509 0.000643867 0.000164475 -0.36438 -0.21002 -0.3219
140336 -0.000537731 0.0010531 -0.000953383 -0.33547 -0.19801 -0.34325
140368 -0.000998607 0.000677613 -0.0001323 -0.31139 -0.1888 -0.35587
140400 -0.000640264 0.00037698 -9.9167e-05 -0.28051 -0.17132 -0.36271
140432 -0.000928024 0.00114999 -0.000525162 -0.25732 -0.15388 -0.37283
140464 -0.000715804 0.00126315 -0.000146985 -0.23238 -0.13548 -0.37572
140496 -0.000943369 0.00115604 0.00106075 -0.19662 -0.12222 -0.38039
140528 -0.000421113 0.00143302 -0.0023812 -0.16354 -0.11368 -0.38914
140560 0.000308624 0.00232431 -0.00067153 -0.0988197 -0.11413 -0.39106
140816 0.000718595 0.00136003 -0.00237492 -0.38262 -0.2102 -0.38747
140848 9.8989e-05 0.000167378 0.00011886 -0.35049 -0.21042 -0.39117
140880 -0.000205296 0.00061759 -0.00187281 -0.31216 -0.21311 -0.40489
140912 0.000219511 0.00108878 -0.00267778 -0.27515 -0.20537 -0.40886
140944 -0.000132047 0.00109188 -0.00035248 -0.24122 -0.20024 -0.41073
140976 -9.3234e-05 0.00135705 -0.00129917 -0.20397 -0.19358 -0.42
141008 0.000126951 0.00146985 -1.2645e-05 -0.16737 -0.18249 -0.42357
141040 -0.000564605 0.00136419 0.00030925 -0.12384 -0.17865 -0.42572
141072 0.000457764 0.00225394 0.000761895 -0.0688 -0.17459 -0.43088
16974336 0 0 0 -1.47912 0.0162884 -0.358507
16975360 0 0 0 -1.37404 -0.373466 -0.033344
16976384 0 0 0 -1.7202 -0.994669 -0.11747
16977408 0 0 0 -0.993473 -1.42989 -0.279994
16978432 0 0 0 1.02058 -1.69732 -0.650643
16979456 0 0 0 1.38848 -1.00178 -0.481203
16980480 0 0 0 1.38026 -0.845565 -0.437255
16981504 0 0 0 2.2822 -0.244029 -0.387474
16982528 0 0 0 2.17739 0.213263 -0.323144
16983552 0 0 0 1.99251 1.29166 -0.213421
16984576 0 0 0 -0.382191 0.212896 -0.619663
16985600 0 0 0 -0.837034 0.250558 -0.448873
16990720 0 0 0 -1.17444 0.037491 -0.358507
16991744 0 0 0 -1.06582 -0.255273 -0.033344
16992768 0 0 0 -1.46833 -0.839414 -0.11747
16993792 0 0 0 -0.738599 -1.1573 -0.279994
16994816 0 0 0 1.12714 -1.46665 -0.650643
16995840 0 0 0 1.47859 -0.966944 -0.481203
16996864 0 0 0 1.67652 -0.938417 -0.437255
16997888 0 0 0 2.46708 -0.311163 -0.387474
16998912 0 0 0 2.41649 0.171994 -0.323144
16999936 0 0 0 2.14244 0.99521 -0.213421
17000960 0 0 0 -0.119514 0.131564 -0.619663
17001984 0 0 0 -0.721861 0.401102 -0.448873
17007104 0 0 0 -1.58823 -0.0785916 -0.358507
17008128 0 0 0 -1.65099 -0.512299 -0.033344
17009152 0 0 0 -1.81202 -1.03764 -0.11747
17010176 0 0 0 -1.18134 -1.44021 -0.279994
17011200 0 0 0 0.890112 -1.70524 -0.650643
17012224 0 0 0 1.29426 -1.01567 -0.481203
17013248 0 0 0 1.11788 -0.739255 -0.437255
17014272 0 0 0 1.91802 -0.200049 -0.387474
17015296 0 0 0 1.89731 0.339166 -0.323144
17016320 0 0 0 1.72045 1.40164 -0.213421
17017344 0 0 0 -0.760539 0.596733 -0.619663
17018368 0 0 0 -1.05448 0.166187 -0.448873
17023488 0 0 0 -1.56949 -0.202609 -0.358507
17024512 0 0 0 -1.81846 -0.651143 -0.033344
17025536 0 0 0 -1.80185 -1.00827 -0.11747
17026560 0 0 0 -1.32815 -1.44502 -0.279994
17027584 0 0 0 0.784078 -1.65205 -0.650643
17028608 0 0 0 1.2311 -1.03555 -0.481203
17029632 0 0 0 0.88994 -0.702848 -0.437255
17030656 0 0 0 1.40592 -0.221096 -0.387474
17031680 0 0 0 1.77332 0.523372 -0.323144
17032704 0 0 0 1.50163 1.32514 -0.213421
17033728 0 0 0 -0.771421 0.191884 -0.619663
17034752 0 0 0 -1.2077 0.065361 -0.448873
17039872 0 0 0 -2.04795 -0.208732 -0.069283
17040896 0 0 0 -1.55024 -0.554404 -0.0093832
17041920 0 0 0 -1.2502 -1.06538 -0.106241
17042944 0 0 0 -0.886084 -1.96575 -0.390068
17043968 0 0 0 1.14374 -1.41631 -0.50255
17044992 0 0 0 2.06861 -1.23968 -0.408606
17046016 0 0 0 2.03075 -0.484381 -0.417454
17047040 0 0 0 2.3767 0.107469 -0.650234
17048064 0 0 0 2.25266 0.805656 -0.211014
17049088 0 0 0 1.65514 1.24919 -0.011546
17050112 0 0 0 -0.761908 0.557076 -0.579373
17051136 0 0 0 -1.09744 0.0151302 -0.544494
17056256 0 0 0 -1.82432 -0.080083 -0.069283
17057280 0 0 0 -1.35894 -0.47324 -0.0093832
17058304 0 0 0 -1.00157 -0.83796 -0.106241
17059328 0 0 0 -0.648185 -1.49467 -0.390068
17060352 0 0 0 1.27603 -1.39908 -0.50255
17061376 0 0 0 2.11558 -1.20607 -0.408606
17062400 0 0 0 2.2667 -0.546535 -0.417454
17063424 0 0 0 2.57829 0.012182 -0.650234
17064448 0 0 0 2.498 0.78632 -0.211014
17065472 0 0 0 1.91367 1.13538 -0.011546
17066496 0 0 0 -0.48467 0.513816 -0.579373
17067520 0 0 0 -0.756963 0.0311531 -0.544494
17072640 0 0 0 -2.06332 -0.331831 -0.069283
17073664 0 0 0 -1.67305 -0.657671 -0.0093832
17074688 0 0 0 -1.46521 -1.23924 -0.106241
17075712 0 0 0 -1.03812 -2.04833 -0.390068
17076736 0 0 0 1.03027 -1.37172 -0.50255
17077760 0 0 0 1.85216 -1.17802 -0.408606
17078784 0 0 0 1.7399 -0.395238 -0.417454
17079808 0 0 0 2.32233 0.071116 -0.650234
17080832 0 0 0 1.9116 0.772102 -0.211014
17081856 0 0 0 1.39218 1.28386 -0.011546
17082880 0 0 0 -0.982237 0.445468 -0.579373
17083904 0 0 0 -1.43749 0.065008 -0.544494
17089024 0 0 0 -2.03598 -0.440902 -0.069283
17090048 0 0 0 -1.69585 -0.69664 -0.0093832
17091072 0 0 0 -1.61239 -1.2711 -0.106241
17092096 0 0 0 -1.14677 -1.95777 -0.390068
17093120 0 0 0 0.90418 -1.3978 -0.50255
17094144 0 0 0 1.54682 -1.08259 -0.408606
17095168 0 0 0 1.48449 -0.36437 -0.417454
17096192 0 0 0 2.32233 0.071116 -0.650234
17097216 0 0 0 1.60593 0.683579 -0.211014
17098240 0 0 0 1.20518 1.17334 -0.011546
17099264 0 0 0 -1.09809 0.283254 -0.579373
17100288 0 0 0 -1.48434 -0.060947 -0.544494
17105408 0 0 0 -0.536788 -0.122765 -0.267466
17106432 0 0 0 -1.56466 0.160512 -0.104618
17107456 0 0 0 -1.6086 -0.239577 0.08762
17108480 0 0 0 -1.34432 -0.378165 -0.123165
17109504 0 0 0 -1.18756 -1.32641 -0.185361
17110528 0 0 0 0.887078 -1.32033 -0.8473
17111552 0 0 0 1.28583 -1.46039 -0.723238
17112576 0 0 0 1.90211 -1.09534 -0.602761
17113600 0 0 0 1.94215 -0.850292 -0.439951
17114624 0 0 0 1.88077 -0.48091 -0.649047
17115648 0 0 0 2.85392 0.35411 -0.237075
17116672 0 0 0 2.39456 0.71147 -0.132595
17117696 0 0 0 2.18435 0.95491 -0.159794
17118720 0 0 0 1.63307 -5.05267 0.0173
17119744 0 0 0 -0.85749 0.83298 -0.532714
17120768 0 0 0 -0.81907 0.18322 -0.382986
17121792 0 0 0 0.021728 -0.299635 -0.267466
17122816 0 0 0 -1.37763 0.171669 -0.104618
17123840 0 0 0 -1.62283 -0.320895 0.08762
17124864 0 0 0 -1.29579 -0.581559 -0.123165
17125888 0 0 0 -1.09281 -1.65771 -0.185361
17126912 0 0 0 1.08928 -1.58778 -0.8473
17127936 0 0 0 1.48946 -1.5873 -0.723238
17128960 0 0 0 1.98929 -1.23394 -0.602761
17129984 0 0 0 1.7972 -0.820032 -0.439951
17131008 0 0 0 1.78826 -0.6054 -0.649047
17132032 0 0 0 2.89985 0.25877 -0.237075
17133056 0 0 0 2.4572 0.54502 -0.132595
17134080 0 0 0 2.28428 0.1757 -0.159794
17135104 0 0 0 3.51927 -2.26939 0.0173
17136128 0 0 0 -0.44925 0.519202 -0.532714
17137152 0 0 0 -0.54506 0.15278 -0.382986
17138176 0 0 0 -1.12238 0.058755 -0.267466
17139200 0 0 0 -1.42288 0.185215 -0.104618
17140224 0 0 0 -1.45091 -0.054475 0.08762
17141248 0 0 0 -1.65682 -0.448619 -0.123165
17142272 0 0 0 -1.40918 -1.43924 -0.185361
17143296 0 0 0 -1.16058 1.51033 -0.8473
17144320 0 0 0 1.25428 -1.58172 -0.723238
17145344 0 0 0 1.59784 -1.02425 -0.602761
17146368 0 0 0 1.70957 -0.817192 -0.439951
17147392 0 0 0 1.81443 -0.36359 -0.649047
17148416 0 0 0 1.70171 -0.356513 -0.237075
17149440 0 0 0 2.08951 0.57222 -0.132595
17150464 0 0 0 1.9083 1.27519 -0.159794
17151488 0 0 0 0.280873 -5.72916 0.0173
17152512 0 0 0 -1.12727 0.87382 -0.532714
17153536 0 0 0 -1.40427 0.45226 -0.382986
17154560 0 0 0 -1.24912 0.026825 -0.267466
17155584 0 0 0 -1.3247 0.164511 -0.104618
17156608 0 0 0 -1.32636 0.042086 0.08762
17157632 0 0 0 -1.78069 -0.405204 -0.123165
17158656 0 0 0 -1.48413 -1.08285 -0.185361
17159680 0 0 0 0.852448 -1.3127 -0.8473
17160704 0 0 0 1.22073 -1.65771 -0.723238
17161728 0 0 0 1.39199 -1.01117 -0.602761
17162752 0 0 0 1.20077 -0.691732 -0.439951
17163776 0 0 0 1.72015 -0.30214 -0.649047
17164800 0 0 0 1.56959 -0.215485 -0.237075
17165824 0 0 0 1.77011 0.32471 -0.132595
17166848 0 0 0 1.55164 0.88884 -0.159794
17167872 0 0 0 1.4739 -4.98474 0.0173
17168896 0 0 0 -1.30946 0.95517 -0.532714
17169920 0 0 0 -1.48054 0.39704 -0.382986
17170944 0 0 0 -2.80547 -0.066625 0.449746
17171968 0 0 0 -1.45933 -0.194362 -0.277969
17172992 0 0 0 -1.9252 -0.70448 -0.917406
17174016 0 0 0 -1.67329 -1.64127 -0.154626
17175040 0 0 0 -0.945152 -0.97328 -0.418918
17176064 0 0 0 1.84393 -2.90379 -0.321287
17177088 0 0 0 1.65638 -1.50331 -0.746068
17178112 0 0 0 1.59291 -0.91231 -0.635052
17179136 0 0 0 2.65117 -0.50983 -0.56443
17180160 0 0 0 2.62297 -0.11207 -0.848385
17181184 0 0 0 2.80103 0.505332 -0.261795
17182208 0 0 0 3.04595 2.19055 -0.0277501
17183232 0 0 0 1.96733 1.84582 -0.57592
17184256 0 0 0 -0.58811 0.707012 -0.838689
17185280 0 0 0 -1.32497 0.70599 -0.596796
17186304 0 0 0 -2.55101 0.6388 -0.318902
17187328 0 0 0 -2.90797 -0.191162 0.449746
17188352 0 0 0 -1.01351 -0.050095 -0.277969
17189376 0 0 0 -1.61596 -0.47802 -0.917406
17190400 0 0 0 -1.32758 -1.05866 -0.154626
17191424 0 0 0 -0.736557 -0.47371 -0.418918
17192448 0 0 0 1.87592 -2.68679 -0.321287
17193472 0 0 0 1.23377 -1.04052 -0.746068
17194496 0 0 0 1.01992 -0.665554 -0.635052
17195520 0 0 0 2.96444 -0.49346 -0.56443
17196544 0 0 0 2.35509 -0.396509 -0.848385
17197568 0 0 0 2.76724 0.282872 -0.261795
17198592 0 0 0 3.09795 1.77026 -0.0277501
17199616 0 0 0 2.12283 1.65404 -0.57592
17200640 0 0 0 -0.35575 0.501022 -0.838689
17201664 0 0 0 -1.06965 0.6291 -0.596796
17202688 0 0 0 -2.28903 0.56781 -0.318902
17203712 0 0 0 -1.23147 0.174367 0.449746
17204736 0 0 0 -1.98109 -0.343621 -0.277969
17205760 0 0 0 -1.79724 -0.59104 -0.917406
17206784 0 0 0 -1.77792 -1.50613 -0.154626
17207808 0 0 0 -1.20862 -1.48092 -0.418918
17208832 0 0 0 1.62626 -2.76172 -0.321287
17209856 0 0 0 1.46359 -1.44486 -0.746068
17210880 0 0 0 1.62613 -0.94364 -0.635052
17211904 0 0 0 2.38279 -0.43372 -0.56443
17212928 0 0 0 2.79555 -0.0633 -0.848385
17213952 0 0 0 2.53685 0.506162 -0.261795
17214976 0 0 0 2.61896 1.95093 -0.0277501
17216000 0 0 0 1.97695 2.14491 -0.57592
17217024 0 0 0 -0.93311 0.971962 -0.838689
17218048 0 0 0 -1.49661 0.57314 -0.596796
17219072 0 0 0 -2.74182 0.66588 -0.318902
17220096 0 0 0 -0.728572 0.199577 0.449746
17221120 0 0 0 -2.03969 -0.375205 -0.277969
17222144 0 0 0 -1.79724 -0.59104 -0.917406
17223168 0 0 0 -1.66608 -0.94534 -0.154626
17224192 0 0 0 -1.39905 -1.8234 -0.418918
17225216 0 0 0 1.36863 -2.32987 -0.321287
17226240 0 0 0 1.07097 -1.13884 -0.746068
17227264 0 0 0 1.38026 -0.84668 -0.635052
17228288 0 0 0 1.72993 -0.41204 -0.56443
17229312 0 0 0 2.79555 -0.0633 -0.848385
17230336 0 0 0 2.55645 0.763422 -0.261795
17231360 0 0 0 2.01078 1.01325 -0.0277501
17232384 0 0 0 1.97695 2.14491 -0.57592
17233408 0 0 0 -0.99451 0.689862 -0.838689
17234432 0 0 0 -1.28535 0.17565 -0.596796
17235456 0 0 0 -2.92518 0.71034 -0.318902
34013184 0 0 0 0 0 0 0 0 0
34078720 0 0 0 0 0 0 0 0 0
34144256 0 0 0 0 0 0 0 0 0
34209792 0 0 0 0 0 0 0 0 0
34275328 0 0 0 0 0 0 0 0 0
34340864 0 0 0 0 0 0 0 0 0
34406400 0 0 0 0 0 0 0 0 0
34471936 0 0 0 0 0 0 0 0 0
34537472 0 0 0 0 0 0 0 0 0
34603008 0 0 0 0 0 0 0 0 0
34668544 0 0 0 0 0 0 0 0 0
34734080 0 0 0 0 0 0 0 0 0
34799616 0 0 0 0 0 0 0 0 0
34865152 0 0 0 0 0 0 0 0 0
34930688 0 0 0 0 0 0 0 0 0
34996224 0 0 0 0 0 0 0 0 0
35061760 0 0 0 0 0 0 0 0 0
35127296 0 0 0 0 0 0 0 0 0
35192832 0 0 0 0 0 0 0 0 0
35258368 0 0 0 0 0 0 0 0 0
35323904 0 0 0 0 0 0 0 0 0
35389440 0 0 0 0 0 0 0 0 0
35454976 0 0 0 0 0 0 0 0 0
35520512 0 0 0 0 0 0 0 0 0
35586048 0 0 0 0 0 0 0 0 0
35651584 0 0 0 0 0 0 0 0 0
35717120 0 0 0 0 0 0 0 0 0
35782656 0 0 0 0 0 0 0 0 0
35848192 0 0 0 0 0 0 0 0 0
35913728 0 0 0 0 0 0 0 0 0
35979264 0 0 0 0 0 0 0 0 0
36044800 0 0 0 0 0 0 0 0 0
36110336 0 0 0 0 0 0 0 0 0
36175872 0 0 0 0 0 0 0 0 0
36241408 0 0 0 0 0 0 0 0 0
36306944 0 0 0 0 0 0 0 0 0
36372480 0 0 0 0 0 0 0 0 0
36438016 0 0 0 0 0 0 0 0 0
36503552 0 0 0 0 0 0 0 0 0
36569088 0 0 0 0 0 0 0 0 0
36634624 0 0 0 0 0 0 0 0 0
36700160 0 0 0 0 0 0 0 0 0
36765696 0 0 0 0 0 0 0 0 0
36831232 0 0 0 0 0 0 0 0 0
36896768 0 0 0 0 0 0 0 0 0
36962304 0 0 0 0 0 0 0 0 0
37027840 0 0 0 0 0 0 0 0 0
37093376 0 0 0 0 0 0 0 0 0
34013440 0 0 0 0 0 0 0 0 0
34078976 0 0 0 0 0 0 0 0 0
34144512 0 0 0 0 0 0 0 0 0
34210048 0 0 0 0 0 0 0 0 0
34275584 0 0 0 0 0 0 0 0 0
34341120 0 0 0 0 0 0 0 0 0
34406656 0 0 0 0 0 0 0 0 0
34472192 0 0 0 0 0 0 0 0 0
34537728 0 0 0 0 0 0 0 0 0
34603264 0 0 0 0 0 0 0 0 0
34668800 0 0 0 0 0 0 0 0 0
34734336 0 0 0 0 0 0 0 0 0
34799872 0 0 0 0 0 0 0 0 0
34865408 0 0 0 0 0 0 0 0 0
34930944 0 0 0 0 0 0 0 0 0
34996480 0 0 0 0 0 0 0 0 0
35062016 0 0 0 0 0 0 0 0 0
35127552 0 0 0 0 0 0 0 0 0
35193088 0 0 0 0 0 0 0 0 0
35258624 0 0 0 0 0 0 0 0 0
35324160 0 0 0 0 0 0 0 0 0
35389696 0 0 0 0 0 0 0 0 0
35455232 0 0 0 0 0 0 0 0 0
35520768 0 0 0 0 0 0 0 0 0
35586304 0 0 0 0 0 0 0 0 0
35651840 0 0 0 0 0 0 0 0 0
35717376 0 0 0 0 0 0 0 0 0
35782912 0 0 0 0 0 0 0 0 0
35848448 0 0 0 0 0 0 0 0 0
35913984 0 0 0 0 0 0 0 0 0
35979520 0 0 0 0 0 0 0 0 0
36045056 0 0 0 0 0 0 0 0 0
36110592 0 0 0 0 0 0 0 0 0
36176128 0 0 0 0 0 0 0 0 0
36241664 0 0 0 0 0 0 0 0 0
36307200 0 0 0 0 0 0 0 0 0
36372736 0 0 0 0 0 0 0 0 0
36438272 0 0 0 0 0 0 0 0 0
36503808 0 0 0 0 0 0 0 0 0
36569344 0 0 0 0 0 0 0 0 0
36634880 0 0 0 0 0 0 0 0 0
36700416 0 0 0 0 0 0 0 0 0
36765952 0 0 0 0 0 0 0 0 0
36831488 0 0 0 0 0 0 0 0 0
36897024 0 0 0 0 0 0 0 0 0
36962560 0 0 0 0 0 0 0 0 0
37028096 0 0 0 0 0 0 0 0 0
37093632 0 0 0 0 0 0 0 0 0
34013696 0 0 0 0 0 0 0 0 0
34079232 0 0 0 0 0 0 0 0 0
34144768 0 0 0 0 0 0 0 0 0
34210304 0 0 0 0 0 0 0 0 0
34275840 0 0 0 0 0 0 0 0 0
34341376 0 0 0 0 0 0 0 0 0
34406912 0 0 0 0 0 0 0 0 0
34472448 0 0 0 0 0 0 0 0 0
34537984 0 0 0 0 0 0 0 0 0
34603520 0 0 0 0 0 0 0 0 0
34669056 0 0 0 0 0 0 0 0 0
34734592 0 0 0 0 0 0 0 0 0
34800128 0 0 0 0 0 0 0 0 0
34865664 0 0 0 0 0 0 0 0 0
34931200 0 0 0 0 0 0 0 0 0
34996736 0 0 0 0 0 0 0 0 0
35062272 0 0 0 0 0 0 0 0 0
35127808 0 0 0 0 0 0 0 0 0
35193344 0 0 0 0 0 0 0 0 0
35258880 0 0 0 0 0 0 0 0 0
35324416 0 0 0 0 0 0 0 0 0
35389952 0 0 0 0 0 0 0 0 0
35455488 0 0 0 0 0 0 0 0 0
35521024 0 0 0 0 0 0 0 0 0
35586560 0 0 0 0 0 0 0 0 0
35652096 0 0 0 0 0 0 0 0 0
35717632 0 0 0 0 0 0 0 0 0
35783168 0 0 0 0 0 0 0 0 0
35848704 0 0 0 0 0 0 0 0 0
35914240 0 0 0 0 0 0 0 0 0
35979776 0 0 0 0 0 0 0 0 0
36045312 0 0 0 0 0 0 0 0 0
36110848 0 0 0 0 0 0 0 0 0
36176384 0 0 0 0 0 0 0 0 0
36241920 0 0 0 0 0 0 0 0 0
36307456 0 0 0 0 0 0 0 0 0
36372992 0 0 0 0 0 0 0 0 0
36438528 0 0 0 0 0 0 0 0 0
36504064 0 0 0 0 0 0 0 0 0
36569600 0 0 0 0 0 0 0 0 0
36635136 0 0 0 0 0 0 0 0 0
36700672 0 0 0 0 0 0 0 0 0
36766208 0 0 0 0 0 0 0 0 0
36831744 0 0 0 0 0 0 0 0 0
36897280 0 0 0 0 0 0 0 0 0
36962816 0 0 0 0 0 0 0 0 0
37028352 0 0 0 0 0 0 0 0 0
37093888 0 0 0 0 0 0 0 0 0
34013952 0 0 0 0 0 0 0 0 0
34079488 0 0 0 0 0 0 0 0 0
34145024 0 0 0 0 0 0 0 0 0
34210560 0 0 0 0 0 0 0 0 0
34276096 0 0 0 0 0 0 0 0 0
34341632 0 0 0 0 0 0 0 0 0
34407168 0 0 0 0 0 0 0 0 0
34472704 0 0 0 0 0 0 0 0 0
34538240 0 0 0 0 0 0 0 0 0
34603776 0 0 0 0 0 0 0 0 0
34669312 0 0 0 0 0 0 0 0 0
34734848 0 0 0 0 0 0 0 0 0
34800384 0 0 0 0 0 0 0 0 0
34865920 0 0 0 0 0 0 0 0 0
34931456 0 0 0 0 0 0 0 0 0
34996992 0 0 0 0 0 0 0 0 0
35062528 0 0 0 0 0 0 0 0 0
35128064 0 0 0 0 0 0 0 0 0
35193600 0 0 0 0 0 0 0 0 0
35259136 0 0 0 0 0 0 0 0 0
35324672 0 0 0 0 0 0 0 0 0
35390208 0 0 0 0 0 0 0 0 0
35455744 0 0 0 0 0 0 0 0 0
35521280 0 0 0 0 0 0 0 0 0
35586816 0 0 0 0 0 0 0 0 0
35652352 0 0 0 0 0 0 0 0 0
35717888 0 0 0 0 0 0 0 0 0
35783424 0 0 0 0 0 0 0 0 0
35848960 0 0 0 0 0 0 0 0 0
35914496 0 0 0 0 0 0 0 0 0
35980032 0 0 0 0 0 0 0 0 0
36045568 0 0 0 0 0 0 0 0 0
36111104 0 0 0 0 0 0 0 0 0
36176640 0 0 0 0 0 0 0 0 0
36242176 0 0 0 0 0 0 0 0 0
36307712 0 0 0 0 0 0 0 0 0
36373248 0 0 0 0 0 0 0 0 0
36438784 0 0 0 0 0 0 0 0 0
36504320 0 0 0 0 0 0 0 0 0
36569856 0 0 0 0 0 0 0 0 0
36635392 0 0 0 0 0 0 0 0 0
36700928 0 0 0 0 0 0 0 0 0
36766464 0 0 0 0 0 0 0 0 0
36832000 0 0 0 0 0 0 0 0 0
36897536 0 0 0 0 0 0 0 0 0
36963072 0 0 0 0 0 0 0 0 0
37028608 0 0 0 0 0 0 0 0 0
37094144 0 0 0 0 0 0 0 0 0
34014208 0 0 0 0 0 0 0 0 0
34079744 0 0 0 0 0 0 0 0 0
34145280 0 0 0 0 0 0 0 0 0
34210816 0 0 0 0 0 0 0 0 0
34276352 0 0 0 0 0 0 0 0 0
34341888 0 0 0 0 0 0 0 0 0
34407424 0 0 0 0 0 0 0 0 0
34472960 0 0 0 0 0 0 0 0 0
34538496 0 0 0 0 0 0 0 0 0
34604032 0 0 0 0 0 0 0 0 0
34669568 0 0 0 0 0 0 0 0 0
34735104 0 0 0 0 0 0 0 0 0
34800640 0 0 0 0 0 0 0 0 0
34866176 0 0 0 0 0 0 0 0 0
34931712 0 0 0 0 0 0 0 0 0
34997248 0 0 0 0 0 0 0 0 0
35062784 0 0 0 0 0 0 0 0 0
35128320 0 0 0 0 0 0 0 0 0
35193856 0 0 0 0 0 0 0 0 0
35259392 0 0 0 0 0 0 0 0 0
35324928 0 0 0 0 0 0 0 0 0
35390464 0 0 0 0 0 0 0 0 0
35456000 0 0 0 0 0 0 0 0 0
35521536 0 0 0 0 0 0 0 0 0
35587072 0 0 0 0 0 0 0 0 0
35652608 0 0 0 0 0 0 0 0 0
35718144 0 0 0 0 0 0 0 0 0
35783680 0 0 0 0 0 0 0 0 0
35849216 0 0 0 0 0 0 0 0 0
35914752 0 0 0 0 0 0 0 0 0
35980288 0 0 0 0 0 0 0 0 0
36045824 0 0 0 0 0 0 0 0 0
36111360 0 0 0 0 0 0 0 0 0
36176896 0 0 0 0 0 0 0 0 0
36242432 0 0 0 0 0 0 0 0 0
36307968 0 0 0 0 0 0 0 0 0
36373504 0 0 0 0 0 0 0 0 0
36439040 0 0 0 0 0 0 0 0 0
36504576 0 0 0 0 0 0 0 0 0
36570112 0 0 0 0 0 0 0 0 0
36635648 0 0 0 0 0 0 0 0 0
36701184 0 0 0 0 0 0 0 0 0
36766720 0 0 0 0 0 0 0 0 0
36832256 0 0 0 0 0 0 0 0 0
36897792 0 0 0 0 0 0 0 0 0
36963328 0 0 0 0 0 0 0 0 0
37028864 0 0 0 0 0 0 0 0 0
37094400 0 0 0 0 0 0 0 0 0
34014464 0 0 0 0 0 0 0 0 0
34080000 0 0 0 0 0 0 0 0 0
34145536 0 0 0 0 0 0 0 0 0
34211072 0 0 0 0 0 0 0 0 0
34276608 0 0 0 0 0 0 0 0 0
34342144 0 0 0 0 0 0 0 0 0
34407680 0 0 0 0 0 0 0 0 0
34473216 0 0 0 0 0 0 0 0 0
34538752 0 0 0 0 0 0 0 0 0
34604288 0 0 0 0 0 0 0 0 0
34669824 0 0 0 0 0 0 0 0 0
34735360 0 0 0 0 0 0 0 0 0
34800896 0 0 0 0 0 0 0 0 0
34866432 0 0 0 0 0 0 0 0 0
34931968 0 0 0 0 0 0 0 0 0
34997504 0 0 0 0 0 0 0 0 0
35063040 0 0 0 0 0 0 0 0 0
35128576 0 0 0 0 0 0 0 0 0
35194112 0 0 0 0 0 0 0 0 0
35259648 0 0 0 0 0 0 0 0 0
35325184 0 0 0 0 0 0 0 0 0
35390720 0 0 0 0 0 0 0 0 0
35456256 0 0 0 0 0 0 0 0 0
35521792 0 0 0 0 0 0 0 0 0
35587328 0 0 0 0 0 0 0 0 0
35652864 0 0 0 0 0 0 0 0 0
35718400 0 0 0 0 0 0 0 0 0
35783936 0 0 0 0 0 0 0 0 0
35849472 0 0 0 0 0 0 0 0 0
35915008 0 0 0 0 0 0 0 0 0
35980544 0 0 0 0 0 0 0 0 0
36046080 0 0 0 0 0 0 0 0 0
36111616 0 0 0 0 0 0 0 0 0
36177152 0 0 0 0 0 0 0 0 0
36242688 0 0 0 0 0 0 0 0 0
36308224 0 0 0 0 0 0 0 0 0
36373760 0 0 0 0 0 0 0 0 0
36439296 0 0 0 0 0 0 0 0 0
36504832 0 0 0 0 0 0 0 0 0
36570368 0 0 0 0 0 0 0 0 0
36635904 0 0 0 0 0 0 0 0 0
36701440 0 0 0 0 0 0 0 0 0
36766976 0 0 0 0 0 0 0 0 0
36832512 0 0 0 0 0 0 0 0 0
36898048 0 0 0 0 0 0 0 0 0
36963584 0 0 0 0 0 0 0 0 0
37029120 0 0 0 0 0 0 0 0 0
37094656 0 0 0 0 0 0 0 0 0
34014720 0 0 0 0 0 0 0 0 0
34080256 0 0 0 0 0 0 0 0 0
34145792 0 0 0 0 0 0 0 0 0
34211328 0 0 0 0 0 0 0 0 0
34276864 0 0 0 0 0 0 0 0 0
34342400 0 0 0 0 0 0 0 0 0
34407936 0 0 0 0 0 0 0 0 0
34473472 0 0 0 0 0 0 0 0 0
34539008 0 0 0 0 0 0 0 0 0
34604544 0 0 0 0 0 0 0 0 0
34670080 0 0 0 0 0 0 0 0 0
34735616 0 0 0 0 0 0 0 0 0
34801152 0 0 0 0 0 0 0 0 0
34866688 0 0 0 0 0 0 0 0 0
34932224 0 0 0 0 0 0 0 0 0
34997760 0 0 0 0 0 0 0 0 0
35063296 0 0 0 0 0 0 0 0 0
35128832 0 0 0 0 0 0 0 0 0
35194368 0 0 0 0 0 0 0 0 0
35259904 0 0 0 0 0 0 0 0 0
35325440 0 0 0 0 0 0 0 0 0
35390976 0 0 0 0 0 0 0 0 0
35456512 0 0 0 0 0 0 0 0 0
35522048 0 0 0 0 0 0 0 0 0
35587584 0 0 0 0 0 0 0 0 0
35653120 0 0 0 0 0 0 0 0 0
35718656 0 0 0 0 0 0 0 0 0
35784192 0 0 0 0 0 0 0 0 0
35849728 0 0 0 0 0 0 0 0 0
35915264 0 0 0 0 0 0 0 0 0
35980800 0 0 0 0 0 0 0 0 0
36046336 0 0 0 0 0 0 0 0 0
36111872 0 0 0 0 0 0 0 0 0
36177408 0 0 0 0 0 0 0 0 0
36242944 0 0 0 0 0 0 0 0 0
36308480 0 0 0 0 0 0 0 0 0
36374016 0 0 0 0 0 0 0 0 0
36439552 0 0 0 0 0 0 0 0 0
36505088 0 0 0 0 0 0 0 0 0
36570624 0 0 0 0 0 0 0 0 0
36636160 0 0 0 0 0 0 0 0 0
36701696 0 0 0 0 0 0 0 0 0
36767232 0 0 0 0 0 0 0 0 0
36832768 0 0 0 0 0 0 0 0 0
36898304 0 0 0 0 0 0 0 0 0
36963840 0 0 0 0 0 0 0 0 0
37029376 0 0 0 0 0 0 0 0 0
37094912 0 0 0 0 0 0 0 0 0
34014976 0 0 0 0 0 0 0 0 0
34080512 0 0 0 0 0 0 0 0 0
34146048 0 0 0 0 0 0 0 0 0
34211584 0 0 0 0 0 0 0 0 0
34277120 0 0 0 0 0 0 0 0 0
34342656 0 0 0 0 0 0 0 0 0
34408192 0 0 0 0 0 0 0 0 0
34473728 0 0 0 0 0 0 0 0 0
34539264 0 0 0 0 0 0 0 0 0
34604800 0 0 0 0 0 0 0 0 0
34670336 0 0 0 0 0 0 0 0 0
34735872 0 0 0 0 0 0 0 0 0
34801408 0 0 0 0 0 0 0 0 0
34866944 0 0 0 0 0 0 0 0 0
34932480 0 0 0 0 0 0 0 0 0
34998016 0 0 0 0 0 0 0 0 0
35063552 0 0 0 0 0 0 0 0 0
35129088 0 0 0 0 0 0 0 0 0
35194624 0 0 0 0 0 0 0 0 0
35260160 0 0 0 0 0 0 0 0 0
35325696 0 0 0 0 0 0 0 0 0
35391232 0 0 0 0 0 0 0 0 0
35456768 0 0 0 0 0 0 0 0 0
35522304 0 0 0 0 0 0 0 0 0
35587840 0 0 0 0 0 0 0 0 0
35653376 0 0 0 0 0 0 0 0 0
35718912 0 0 0 0 0 0 0 0 0
35784448 0 0 0 0 0 0 0 0 0
35849984 0 0 0 0 0 0 0 0 0
35915520 0 0 0 0 0 0 0 0 0
35981056 0 0 0 0 0 0 0 0 0
36046592 0 0 0 0 0 0 0 0 0
36112128 0 0 0 0 0 0 0 0 0
36177664 0 0 0 0 0 0 0 0 0
36243200 0 0 0 0 0 0 0 0 0
36308736 0 0 0 0 0 0 0 0 0
36374272 0 0 0 0 0 0 0 0 0
36439808 0 0 0 0 0 0 0 0 0
36505344 0 0 0 0 0 0 0 0 0
36570880 0 0 0 0 0 0 0 0 0
36636416 0 0 0 0 0 0 0 0 0
36701952 0 0 0 0 0 0 0 0 0
36767488 0 0 0 0 0 0 0 0 0
36833024 0 0 0 0 0 0 0 0 0
36898560 0 0 0 0 0 0 0 0 0
36964096 0 0 0 0 0 0 0 0 0
37029632 0 0 0 0 0 0 0 0 0
37095168 0 0 0 0 0 0 0 0 0
34015232 0 0 0 0 0 0 0 0 0
34080768 0 0 0 0 0 0 0 0 0
34146304 0 0 0 0 0 0 0 0 0
34211840 0 0 0 0 0 0 0 0 0
34277376 0 0 0 0 0 0 0 0 0
34342912 0 0 0 0 0 0 0 0 0
34408448 0 0 0 0 0 0 0 0 0
34473984 0 0 0 0 0 0 0 0 0
34539520 0 0 0 0 0 0 0 0 0
34605056 0 0 0 0 0 0 0 0 0
34670592 0 0 0 0 0 0 0 0 0
34736128 0 0 0 0 0 0 0 0 0
34801664 0 0 0 0 0 0 0 0 0
34867200 0 0 0 0 0 0 0 0 0
34932736 0 0 0 0 0 0 0 0 0
34998272 0 0 0 0 0 0 0 0 0
35063808 0 0 0 0 0 0 0 0 0
35129344 0 0 0 0 0 0 0 0 0
35194880 0 0 0 0 0 0 0 0 0
35260416 0 0 0 0 0 0 0 0 0
35325952 0 0 0 0 0 0 0 0 0
35391488 0 0 0 0 0 0 0 0 0
35457024 0 0 0 0 0 0 0 0 0
35522560 0 0 0 0 0 0 0 0 0
35588096 0 0 0 0 0 0 0 0 0
35653632 0 0 0 0 0 0 0 0 0
35719168 0 0 0 0 0 0 0 0 0
35784704 0 0 0 0 0 0 0 0 0
35850240 0 0 0 0 0 0 0 0 0
35915776 0 0 0 0 0 0 0 0 0
35981312 0 0 0 0 0 0 0 0 0
36046848 0 0 0 0 0 0 0 0 0
36112384 0 0 0 0 0 0 0 0 0
36177920 0 0 0 0 0 0 0 0 0
36243456 0 0 0 0 0 0 0 0 0
36308992 0 0 0 0 0 0 0 0 0
36374528 0 0 0 0 0 0 0 0 0
36440064 0 0 0 0 0 0 0 0 0
36505600 0 0 0 0 0 0 0 0 0
36571136 0 0 0 0 0 0 0 0 0
36636672 0 0 0 0 0 0 0 0 0
36702208 0 0 0 0 0 0 0 0 0
36767744 0 0 0 0 0 0 0 0 0
36833280 0 0 0 0 0 0 0 0 0
36898816 0 0 0 0 0 0 0 0 0
36964352 0 0 0 0 0 0 0 0 0
37029888 0 0 0 0 0 0 0 0 0
37095424 0 0 0 0 0 0 0 0 0
34015488 0 0 0 0 0 0 0 0 0
34081024 0 0 0 0 0 0 0 0 0
34146560 0 0 0 0 0 0 0 0 0
34212096 0 0 0 0 0 0 0 0 0
34277632 0 0 0 0 0 0 0 0 0
34343168 0 0 0 0 0 0 0 0 0
34408704 0 0 0 0 0 0 0 0 0
34474240 0 0 0 0 0 0 0 0 0
34539776 0 0 0 0 0 0 0 0 0
34605312 0 0 0 0 0 0 0 0 0
34670848 0 0 0 0 0 0 0 0 0
34736384 0 0 0 0 0 0 0 0 0
34801920 0 0 0 0 0 0 0 0 0
34867456 0 0 0 0 0 0 0 0 0
34932992 0 0 0 0 0 0 0 0 0
34998528 0 0 0 0 0 0 0 0 0
35064064 0 0 0 0 0 0 0 0 0
35129600 0 0 0 0 0 0 0 0 0
35195136 0 0 0 0 0 0 0 0 0
35260672 0 0 0 0 0 0 0 0 0
35326208 0 0 0 0 0 0 0 0 0
35391744 0 0 0 0 0 0 0 0 0
35457280 0 0 0 0 0 0 0 0 0
35522816 0 0 0 0 0 0 0 0 0
35588352 0 0 0 0 0 0 0 0 0
35653888 0 0 0 0 0 0 0 0 0
35719424 0 0 0 0 0 0 0 0 0
35784960 0 0 0 0 0 0 0 0 0
35850496 0 0 0 0 0 0 0 0 0
35916032 0 0 0 0 0 0 0 0 0
35981568 0 0 0 0 0 0 0 0 0
36047104 0 0 0 0 0 0 0 0 0
36112640 0 0 0 0 0 0 0 0 0
36178176 0 0 0 0 0 0 0 0 0
36243712 0 0 0 0 0 0 0 0 0
36309248 0 0 0 0 0 0 0 0 0
36374784 0 0 0 0 0 0 0 0 0
36440320 0 0 0 0 0 0 0 0 0
36505856 0 0 0 0 0 0 0 0 0
36571392 0 0 0 0 0 0 0 0 0
36636928 0 0 0 0 0 0 0 0 0
36702464 0 0 0 0 0 0 0 0 0
36768000 0 0 0 0 0 0 0 0 0
36833536 0 0 0 0 0 0 0 0 0
36899072 0 0 0 0 0 0 0 0 0
36964608 0 0 0 0 0 0 0 0 0
37030144 0 0 0 0 0 0 0 0 0
37095680 0 0 0 0 0 0 0 0 0
34015744 0 0 0 0 0 0 0 0 0
34081280 0 0 0 0 0 0 0 0 0
34146816 0 0 0 0 0 0 0 0 0
34212352 0 0 0 0 0 0 0 0 0
34277888 0 0 0 0 0 0 0 0 0
34343424 0 0 0 0 0 0 0 0 0
34408960 0 0 0 0 0 0 0 0 0
34474496 0 0 0 0 0 0 0 0 0
34540032 0 0 0 0 0 0 0 0 0
34605568 0 0 0 0 0 0 0 0 0
34671104 0 0 0 0 0 0 0 0 0
34736640 0 0 0 0 0 0 0 0 0
34802176 0 0 0 0 0 0 0 0 0
34867712 0 0 0 0 0 0 0 0 0
34933248 0 0 0 0 0 0 0 0 0
34998784 0 0 0 0 0 0 0 0 0
35064320 0 0 0 0 0 0 0 0 0
35129856 0 0 0 0 0 0 0 0 0
35195392 0 0 0 0 0 0 0 0 0
35260928 0 0 0 0 0 0 0 0 0
35326464 0 0 0 0 0 0 0 0 0
35392000 0 0 0 0 0 0 0 0 0
35457536 0 0 0 0 0 0 0 0 0
35523072 0 0 0 0 0 0 0 0 0
35588608 0 0 0 0 0 0 0 0 0
35654144 0 0 0 0 0 0 0 0 0
35719680 0 0 0 0 0 0 0 0 0
35785216 0 0 0 0 0 0 0 0 0
35850752 0 0 0 0 0 0 0 0 0
35916288 0 0 0 0 0 0 0 0 0
35981824 0 0 0 0 0 0 0 0 0
36047360 0 0 0 0 0 0 0 0 0
36112896 0 0 0 0 0 0 0 0 0
36178432 0 0 0 0 0 0 0 0 0
36243968 0 0 0 0 0 0 0 0 0
36309504 0 0 0 0 0 0 0 0 0
36375040 0 0 0 0 0 0 0 0 0
36440576 0 0 0 0 0 0 0 0 0
36506112 0 0 0 0 0 0 0 0 0
36571648 0 0 0 0 0 0 0 0 0
36637184 0 0 0 0 0 0 0 0 0
36702720 0 0 0 0 0 0 0 0 0
36768256 0 0 0 0 0 0 0 0 0
36833792 0 0 0 0 0 0 0 0 0
36899328 0 0 0 0 0 0 0 0 0
36964864 0 0 0 0 0 0 0 0 0
37030400 0 0 0 0 0 0 0 0 0
37095936 0 0 0 0 0 0 0 0 0
34016000 0 0 0 0 0 0 0 0 0
34081536 0 0 0 0 0 0 0 0 0
34147072 0 0 0 0 0 0 0 0 0
34212608 0 0 0 0 0 0 0 0 0
34278144 0 0 0 0 0 0 0 0 0
34343680 0 0 0 0 0 0 0 0 0
34409216 0 0 0 0 0 0 0 0 0
34474752 0 0 0 0 0 0 0 0 0
34540288 0 0 0 0 0 0 0 0 0
34605824 0 0 0 0 0 0 0 0 0
34671360 0 0 0 0 0 0 0 0 0
34736896 0 0 0 0 0 0 0 0 0
34802432 0 0 0 0 0 0 0 0 0
34867968 0 0 0 0 0 0 0 0 0
34933504 0 0 0 0 0 0 0 0 0
34999040 0 0 0 0 0 0 0 0 0
35064576 0 0 0 0 0 0 0 0 0
35130112 0 0 0 0 0 0 0 0 0
35195648 0 0 0 0 0 0 0 0 0
35261184 0 0 0 0 0 0 0 0 0
35326720 0 0 0 0 0 0 0 0 0
35392256 0 0 0 0 0 0 0 0 0
35457792 0 0 0 0 0 0 0 0 0
35523328 0 0 0 0 0 0 0 0 0
35588864 0 0 0 0 0 0 0 0 0
35654400 0 0 0 0 0 0 0 0 0
35719936 0 0 0 0 0 0 0 0 0
35785472 0 0 0 0 0 0 0 0 0
35851008 0 0 0 0 0 0 0 0 0
35916544 0 0 0 0 0 0 0 0 0
35982080 0 0 0 0 0 0 0 0 0
36047616 0 0 0 0 0 0 0 0 0
36113152 0 0 0 0 0 0 0 0 0
36178688 0 0 0 0 0 0 0 0 0
36244224 0 0 0 0 0 0 0 0 0
36309760 0 0 0 0 0 0 0 0 0
36375296 0 0 0 0 0 0 0 0 0
36440832 0 0 0 0 0 0 0 0 0
36506368 0 0 0 0 0 0 0 0 0
36571904 0 0 0 0 0 0 0 0 0
36637440 0 0 0 0 0 0 0 0 0
36702976 0 0 0 0 0 0 0 0 0
36768512 0 0 0 0 0 0 0 0 0
36834048 0 0 0 0 0 0 0 0 0
36899584 0 0 0 0 0 0 0 0 0
36965120 0 0 0 0 0 0 0 0 0
37030656 0 0 0 0 0 0 0 0 0
37096192 0 0 0 0 0 0 0 0 0
34013185 0 0 0 0 0 0 0 0 0
34078721 0 0 0 0 0 0 0 0 0
34144257 0 0 0 0 0 0 0 0 0
34209793 0 0 0 0 0 0 0 0 0
34275329 0 0 0 0 0 0 0 0 0
34340865 0 0 0 0 0 0 0 0 0
34406401 0 0 0 0 0 0 0 0 0
34471937 0 0 0 0 0 0 0 0 0
34537473 0 0 0 0 0 0 0 0 0
34603009 0 0 0 0 0 0 0 0 0
34668545 0 0 0 0 0 0 0 0 0
34734081 0 0 0 0 0 0 0 0 0
34799617 0 0 0 0 0 0 0 0 0
34865153 0 0 0 0 0 0 0 0 0
34930689 0 0 0 0 0 0 0 0 0
34996225 0 0 0 0 0 0 0 0 0
35061761 0 0 0 0 0 0 0 0 0
35127297 0 0 0 0 0 0 0 0 0
35192833 0 0 0 0 0 0 0 0 0
35258369 0 0 0 0 0 0 0 0 0
35323905 0 0 0 0 0 0 0 0 0
35389441 0 0 0 0 0 0 0 0 0
35454977 0 0 0 0 0 0 0 0 0
35520513 0 0 0 0 0 0 0 0 0
35586049 0 0 0 0 0 0 0 0 0
35651585 0 0 0 0 0 0 0 0 0
35717121 0 0 0 0 0 0 0 0 0
35782657 0 0 0 0 0 0 0 0 0
35848193 0 0 0 0 0 0 0 0 0
35913729 0 0 0 0 0 0 0 0 0
35979265 0 0 0 0 0 0 0 0 0
36044801 0 0 0 0 0 0 0 0 0
36110337 0 0 0 0 0 0 0 0 0
36175873 0 0 0 0 0 0 0 0 0
36241409 0 0 0 0 0 0 0 0 0
36306945 0 0 0 0 0 0 0 0 0
36372481 0 0 0 0 0 0 0 0 0
36438017 0 0 0 0 0 0 0 0 0
36503553 0 0 0 0 0 0 0 0 0
36569089 0 0 0 0 0 0 0 0 0
36634625 0 0 0 0 0 0 0 0 0
36700161 0 0 0 0 0 0 0 0 0
36765697 0 0 0 0 0 0 0 0 0
36831233 0 0 0 0 0 0 0 0 0
36896769 0 0 0 0 0 0 0 0 0
36962305 0 0 0 0 0 0 0 0 0
37027841 0 0 0 0 0 0 0 0 0
37093377 0 0 0 0 0 0 0 0 0
34013441 0 0 0 0 0 0 0 0 0
34078977 0 0 0 0 0 0 0 0 0
34144513 0 0 0 0 0 0 0 0 0
34210049 0 0 0 0 0 0 0 0 0
34275585 0 0 0 0 0 0 0 0 0
34341121 0 0 0 0 0 0 0 0 0
34406657 0 0 0 0 0 0 0 0 0
34472193 0 0 0 0 0 0 0 0 0
34537729 0 0 0 0 0 0 0 0 0
34603265 0 0 0 0 0 0 0 0 0
34668801 0 0 0 0 0 0 0 0 0
34734337 0 0 0 0 0 0 0 0 0
34799873 0 0 0 0 0 0 0 0 0
34865409 0 0 0 0 0 0 0 0 0
34930945 0 0 0 0 0 0 0 0 0
34996481 0 0 0 0 0 0 0 0 0
35062017 0 0 0 0 0 0 0 0 0
35127553 0 0 0 0 0 0 0 0 0
35193089 0 0 0 0 0 0 0 0 0
35258625 0 0 0 0 0 0 0 0 0
35324161 0 0 0 0 0 0 0 0 0
35389697 0 0 0 0 0 0 0 0 0
35455233 0 0 0 0 0 0 0 0 0
35520769 0 0 0 0 0 0 0 0 0
35586305 0 0 0 0 0 0 0 0 0
35651841 0 0 0 0 0 0 0 0 0
35717377 0 0 0 0 0 0 0 0 0
35782913 0 0 0 0 0 0 0 0 0
35848449 0 0 0 0 0 0 0 0 0
35913985 0 0 0 0 0 0 0 0 0
35979521 0 0 0 0 0 0 0 0 0
36045057 0 0 0 0 0 0 0 0 0
36110593 0 0 0 0 0 0 0 0 0
36176129 0 0 0 0 0 0 0 0 0
36241665 0 0 0 0 0 0 0 0 0
36307201 0 0 0 0 0 0 0 0 0
36372737 0 0 0 0 0 0 0 0 0
36438273 0 0 0 0 0 0 0 0 0
36503809 0 0 0 0 0 0 0 0 0
36569345 0 0 0 0 0 0 0 0 0
36634881 0 0 0 0 0 0 0 0 0
36700417 0 0 0 0 0 0 0 0 0
36765953 0 0 0 0 0 0 0 0 0
36831489 0 0 0 0 0 0 0 0 0
36897025 0 0 0 0 0 0 0 0 0
36962561 0 0 0 0 0 0 0 0 0
37028097 0 0 0 0 0 0 0 0 0
37093633 0 0 0 0 0 0 0 0 0
34013697 0 0 0 0 0 0 0 0 0
34079233 0 0 0 0 0 0 0 0 0
34144769 0 0 0 0 0 0 0 0 0
34210305 0 0 0 0 0 0 0 0 0
34275841 0 0 0 0 0 0 0 0 0
34341377 0 0 0 0 0 0 0 0 0
34406913 0 0 0 0 0 0 0 0 0
34472449 0 0 0 0 0 0 0 0 0
34537985 0 0 0 0 0 0 0 0 0
34603521 0 0 0 0 0 0 0 0 0
34669057 0 0 0 0 0 0 0 0 0
34734593 0 0 0 0 0 0 0 0 0
34800129 0 0 0 0 0 0 0 0 0
34865665 0 0 0 0 0 0 0 0 0
34931201 0 0 0 0 0 0 0 0 0
34996737 0 0 0 0 0 0 0 0 0
35062273 0 0 0 0 0 0 0 0 0
35127809 0 0 0 0 0 0 0 0 0
35193345 0 0 0 0 0 0 0 0 0
35258881 0 0 0 0 0 0 0 0 0
35324417 0 0 0 0 0 0 0 0 0
35389953 0 0 0 0 0 0 0 0 0
35455489 0 0 0 0 0 0 0 0 0
35521025 0 0 0 0 0 0 0 0 0
35586561 0 0 0 0 0 0 0 0 0
35652097 0 0 0 0 0 0 0 0 0
35717633 0 0 0 0 0 0 0 0 0
35783169 0 0 0 0 0 0 0 0 0
35848705 0 0 0 0 0 0 0 0 0
35914241 0 0 0 0 0 0 0 0 0
35979777 0 0 0 0 0 0 0 0 0
36045313 0 0 0 0 0 0 0 0 0
36110849 0 0 0 0 0 0 0 0 0
36176385 0 0 0 0 0 0 0 0 0
36241921 0 0 0 0 0 0 0 0 0
36307457 0 0 0 0 0 0 0 0 0
36372993 0 0 0 0 0 0 0 0 0
36438529 0 0 0 0 0 0 0 0 0
36504065 0 0 0 0 0 0 0 0 0
36569601 0 0 0 0 0 0 0 0 0
36635137 0 0 0 0 0 0 0 0 0
36700673 0 0 0 0 0 0 0 0 0
36766209 0 0 0 0 0 0 0 0 0
36831745 0 0 0 0 0 0 0 0 0
36897281 0 0 0 0 0 0 0 0 0
36962817 0 0 0 0 0 0 0 0 0
37028353 0 0 0 0 0 0 0 0 0
37093889 0 0 0 0 0 0 0 0 0
34013953 0 0 0 0 0 0 0 0 0
34079489 0 0 0 0 0 0 0 0 0
34145025 0 0 0 0 0 0 0 0 0
34210561 0 0 0 0 0 0 0 0 0
34276097 0 0 0 0 0 0 0 0 0
34341633 0 0 0 0 0 0 0 0 0
34407169 0 0 0 0 0 0 0 0 0
34472705 0 0 0 0 0 0 0 0 0
34538241 0 0 0 0 0 0 0 0 0
34603777 0 0 0 0 0 0 0 0 0
34669313 0 0 0 0 0 0 0 0 0
34734849 0 0 0 0 0 0 0 0 0
34800385 0 0 0 0 0 0 0 0 0
34865921 0 0 0 0 0 0 0 0 0
34931457 0 0 0 0 0 0 0 0 0
34996993 0 0 0 0 0 0 0 0 0
35062529 0 0 0 0 0 0 0 0 0
35128065 0 0 0 0 0 0 0 0 0
35193601 0 0 0 0 0 0 0 0 0
35259137 0 0 0 0 0 0 0 0 0
35324673 0 0 0 0 0 0 0 0 0
35390209 0 0 0 0 0 0 0 0 0
35455745 0 0 0 0 0 0 0 0 0
35521281 0 0 0 0 0 0 0 0 0
35586817 0 0 0 0 0 0 0 0 0
35652353 0 0 0 0 0 0 0 0 0
35717889 0 0 0 0 0 0 0 0 0
35783425 0 0 0 0 0 0 0 0 0
35848961 0 0 0 0 0 0 0 0 0
35914497 0 0 0 0 0 0 0 0 0
35980033 0 0 0 0 0 0 0 0 0
36045569 0 0 0 0 0 0 0 0 0
36111105 0 0 0 0 0 0 0 0 0
36176641 0 0 0 0 0 0 0 0 0
36242177 0 0 0 0 0 0 0 0 0
36307713 0 0 0 0 0 0 0 0 0
36373249 0 0 0 0 0 0 0 0 0
36438785 0 0 0 0 0 0 0 0 0
36504321 0 0 0 0 0 0 0 0 0
36569857 0 0 0 0 0 0 0 0 0
36635393 0 0 0 0 0 0 0 0 0
36700929 0 0 0 0 0 0 0 0 0
36766465 0 0 0 0 0 0 0 0 0
36832001 0 0 0 0 0 0 0 0 0
36897537 0 0 0 0 0 0 0 0 0
36963073 0 0 0 0 0 0 0 0 0
37028609 0 0 0 0 0 0 0 0 0
37094145 0 0 0 0 0 0 0 0 0
34014209 0 0 0 0 0 0 0 0 0
34079745 0 0 0 0 0 0 0 0 0
34145281 0 0 0 0 0 0 0 0 0
34210817 0 0 0 0 0 0 0 0 0
34276353 0 0 0 0 0 0 0 0 0
34341889 0 0 0 0 0 0 0 0 0
34407425 0 0 0 0 0 0 0 0 0
34472961 0 0 0 0 0 0 0 0 0
34538497 0 0 0 0 0 0 0 0 0
34604033 0 0 0 0 0 0 0 0 0
34669569 0 0 0 0 0 0 0 0 0
34735105 0 0 0 0 0 0 0 0 0
34800641 0 0 0 0 0 0 0 0 0
34866177 0 0 0 0 0 0 0 0 0
34931713 0 0 0 0 0 0 0 0 0
34997249 0 0 0 0 0 0 0 0 0
35062785 0 0 0 0 0 0 0 0 0
35128321 0 0 0 0 0 0 0 0 0
35193857 0 0 0 0 0 0 0 0 0
35259393 0 0 0 0 0 0 0 0 0
35324929 0 0 0 0 0 0 0 0 0
35390465 0 0 0 0 0 0 0 0 0
35456001 0 0 0 0 0 0 0 0 0
35521537 0 0 0 0 0 0 0 0 0
35587073 0 0 0 0 0 0 0 0 0
35652609 0 0 0 0 0 0 0 0 0
35718145 0 0 0 0 0 0 0 0 0
35783681 0 0 0 0 0 0 0 0 0
35849217 0 0 0 0 0 0 0 0 0
35914753 0 0 0 0 0 0 0 0 0
35980289 0 0 0 0 0 0 0 0 0
36045825 0 0 0 0 0 0 0 0 0
36111361 0 0 0 0 0 0 0 0 0
36176897 0 0 0 0 0 0 0 0 0
36242433 0 0 0 0 0 0 0 0 0
36307969 0 0 0 0 0 0 0 0 0
36373505 0 0 0 0 0 0 0 0 0
36439041 0 0 0 0 0 0 0 0 0
36504577 0 0 0 0 0 0 0 0 0
36570113 0 0 0 0 0 0 0 0 0
36635649 0 0 0 0 0 0 0 0 0
36701185 0 0 0 0 0 0 0 0 0
36766721 0 0 0 0 0 0 0 0 0
36832257 0 0 0 0 0 0 0 0 0
36897793 0 0 0 0 0 0 0 0 0
36963329 0 0 0 0 0 0 0 0 0
37028865 0 0 0 0 0 0 0 0 0
37094401 0 0 0 0 0 0 0 0 0
34014465 0 0 0 0 0 0 0 0 0
34080001 0 0 0 0 0 0 0 0 0
34145537 0 0 0 0 0 0 0 0 0
34211073 0 0 0 0 0 0 0 0 0
34276609 0 0 0 0 0 0 0 0 0
34342145 0 0 0 0 0 0 0 0 0
34407681 0 0 0 0 0 0 0 0 0
34473217 0 0 0 0 0 0 0 0 0
34538753 0 0 0 0 0 0 0 0 0
34604289 0 0 0 0 0 0 0 0 0
34669825 0 0 0 0 0 0 0 0 0
34735361 0 0 0 0 0 0 0 0 0
34800897 0 0 0 0 0 0 0 0 0
34866433 0 0 0 0 0 0 0 0 0
34931969 0 0 0 0 0 0 0 0 0
34997505 0 0 0 0 0 0 0 0 0
35063041 0 0 0 0 0 0 0 0 0
35128577 0 0 0 0 0 0 0 0 0
35194113 0 0 0 0 0 0 0 0 0
35259649 0 0 0 0 0 0 0 0 0
35325185 0 0 0 0 0 0 0 0 0
35390721 0 0 0 0 0 0 0 0 0
35456257 0 0 0 0 0 0 0 0 0
35521793 0 0 0 0 0 0 0 0 0
35587329 0 0 0 0 0 0 0 0 0
35652865 0 0 0 0 0 0 0 0 0
35718401 0 0 0 0 0 0 0 0 0
35783937 0 0 0 0 0 0 0 0 0
35849473 0 0 0 0 0 0 0 0 0
35915009 0 0 0 0 0 0 0 0 0
35980545 0 0 0 0 0 0 0 0 0
36046081 0 0 0 0 0 0 0 0 0
36111617 0 0 0 0 0 0 0 0 0
36177153 0 0 0 0 0 0 0 0 0
36242689 0 0 0 0 0 0 0 0 0
36308225 0 0 0 0 0 0 0 0 0
36373761 0 0 0 0 0 0 0 0 0
36439297 0 0 0 0 0 0 0 0 0
36504833 0 0 0 0 0 0 0 0 0
36570369 0 0 0 0 0 0 0 0 0
36635905 0 0 0 0 0 0 0 0 0
36701441 0 0 0 0 0 0 0 0 0
36766977 0 0 0 0 0 0 0 0 0
36832513 0 0 0 0 0 0 0 0 0
36898049 0 0 0 0 0 0 0 0 0
36963585 0 0 0 0 0 0 0 0 0
37029121 0 0 0 0 0 0 0 0 0
37094657 0 0 0 0 0 0 0 0 0
34014721 0 0 0 0 0 0 0 0 0
34080257 0 0 0 0 0 0 0 0 0
34145793 0 0 0 0 0 0 0 0 0
34211329 0 0 0 0 0 0 0 0 0
34276865 0 0 0 0 0 0 0 0 0
34342401 0 0 0 0 0 0 0 0 0
34407937 0 0 0 0 0 0 0 0 0
34473473 0 0 0 0 0 0 0 0 0
34539009 0 0 0 0 0 0 0 0 0
34604545 0 0 0 0 0 0 0 0 0
34670081 0 0 0 0 0 0 0 0 0
34735617 0 0 0 0 0 0 0 0 0
34801153 0 0 0 0 0 0 0 0 0
34866689 0 0 0 0 0 0 0 0 0
34932225 0 0 0 0 0 0 0 0 0
34997761 0 0 0 0 0 0 0 0 0
35063297 0 0 0 0 0 0 0 0 0
35128833 0 0 0 0 0 0 0 0 0
35194369 0 0 0 0 0 0 0 0 0
35259905 0 0 0 0 0 0 0 0 0
35325441 0 0 0 0 0 0 0 0 0
35390977 0 0 0 0 0 0 0 0 0
35456513 0 0 0 0 0 0 0 0 0
35522049 0 0 0 0 0 0 0 0 0
35587585 0 0 0 0 0 0 0 0 0
35653121 0 0 0 0 0 0 0 0 0
35718657 0 0 0 0 0 0 0 0 0
35784193 0 0 0 0 0 0 0 0 0
35849729 0 0 0 0 0 0 0 0 0
35915265 0 0 0 0 0 0 0 0 0
35980801 0 0 0 0 0 0 0 0 0
36046337 0 0 0 0 0 0 0 0 0
36111873 0 0 0 0 0 0 0 0 0
36177409 0 0 0 0 0 0 0 0 0
36242945 0 0 0 0 0 0 0 0 0
36308481 0 0 0 0 0 0 0 0 0
36374017 0 0 0 0 0 0 0 0 0
36439553 0 0 0 0 0 0 0 0 0
36505089 0 0 0 0 0 0 0 0 0
36570625 0 0 0 0 0 0 0 0 0
36636161 0 0 0 0 0 0 0 0 0
36701697 0 0 0 0 0 0 0 0 0
36767233 0 0 0 0 0 0 0 0 0
36832769 0 0 0 0 0 0 0 0 0
36898305 0 0 0 0 0 0 0 0 0
36963841 0 0 0 0 0 0 0 0 0
37029377 0 0 0 0 0 0 0 0 0
37094913 0 0 0 0 0 0 0 0 0
34014977 0 0 0 0 0 0 0 0 0
34080513 0 0 0 0 0 0 0 0 0
34146049 0 0 0 0 0 0 0 0 0
34211585 0 0 0 0 0 0 0 0 0
34277121 0 0 0 0 0 0 0 0 0
34342657 0 0 0 0 0 0 0 0 0
34408193 0 0 0 0 0 0 0 0 0
34473729 0 0 0 0 0 0 0 0 0
34539265 0 0 0 0 0 0 0 0 0
34604801 0 0 0 0 0 0 0 0 0
34670337 0 0 0 0 0 0 0 0 0
34735873 0 0 0 0 0 0 0 0 0
34801409 0 0 0 0 0 0 0 0 0
34866945 0 0 0 0 0 0 0 0 0
34932481 0 0 0 0 0 0 0 0 0
34998017 0 0 0 0 0 0 0 0 0
35063553 0 0 0 0 0 0 0 0 0
35129089 0 0 0 0 0 0 0 0 0
35194625 0 0 0 0 0 0 0 0 0
35260161 0 0 0 0 0 0 0 0 0
35325697 0 0 0 0 0 0 0 0 0
35391233 0 0 0 0 0 0 0 0 0
35456769 0 0 0 0 0 0 0 0 0
35522305 0 0 0 0 0 0 0 0 0
35587841 0 0 0 0 0 0 0 0 0
35653377 0 0 0 0 0 0 0 0 0
35718913 0 0 0 0 0 0 0 0 0
35784449 0 0 0 0 0 0 0 0 0
35849985 0 0 0 0 0 0 0 0 0
35915521 0 0 0 0 0 0 0 0 0
35981057 0 0 0 0 0 0 0 0 0
36046593 0 0 0 0 0 0 0 0 0
36112129 0 0 0 0 0 0 0 0 0
36177665 0 0 0 0 0 0 0 0 0
36243201 0 0 0 0 0 0 0 0 0
36308737 0 0 0 0 0 0 0 0 0
36374273 0 0 0 0 0 0 0 0 0
36439809 0 0 0 0 0 0 0 0 0
36505345 0 0 0 0 0 0 0 0 0
36570881 0 0 0 0 0 0 0 0 0
36636417 0 0 0 0 0 0 0 0 0
36701953 0 0 0 0 0 0 0 0 0
36767489 0 0 0 0 0 0 0 0 0
36833025 0 0 0 0 0 0 0 0 0
36898561 0 0 0 0 0 0 0 0 0
36964097 0 0 0 0 0 0 0 0 0
37029633 0 0 0 0 0 0 0 0 0
37095169 0 0 0 0 0 0 0 0 0
34015233 0 0 0 0 0 0 0 0 0
34080769 0 0 0 0 0 0 0 0 0
34146305 0 0 0 0 0 0 0 0 0
34211841 0 0 0 0 0 0 0 0 0
34277377 0 0 0 0 0 0 0 0 0
34342913 0 0 0 0 0 0 0 0 0
34408449 0 0 0 0 0 0 0 0 0
34473985 0 0 0 0 0 0 0 0 0
34539521 0 0 0 0 0 0 0 0 0
34605057 0 0 0 0 0 0 0 0 0
34670593 0 0 0 0 0 0 0 0 0
34736129 0 0 0 0 0 0 0 0 0
34801665 0 0 0 0 0 0 0 0 0
34867201 0 0 0 0 0 0 0 0 0
34932737 0 0 0 0 0 0 0 0 0
34998273 0 0 0 0 0 0 0 0 0
35063809 0 0 0 0 0 0 0 0 0
35129345 0 0 0 0 0 0 0 0 0
35194881 0 0 0 0 0 0 0 0 0
35260417 0 0 0 0 0 0 0 0 0
35325953 0 0 0 0 0 0 0 0 0
35391489 0 0 0 0 0 0 0 0 0
35457025 0 0 0 0 0 0 0 0 0
35522561 0 0 0 0 0 0 0 0 0
35588097 0 0 0 0 0 0 0 0 0
35653633 0 0 0 0 0 0 0 0 0
35719169 0 0 0 0 0 0 0 0 0
35784705 0 0 0 0 0 0 0 0 0
35850241 0 0 0 0 0 0 0 0 0
35915777 0 0 0 0 0 0 0 0 0
35981313 0 0 0 0 0 0 0 0 0
36046849 0 0 0 0 0 0 0 0 0
36112385 0 0 0 0 0 0 0 0 0
36177921 0 0 0 0 0 0 0 0 0
36243457 0 0 0 0 0 0 0 0 0
36308993 0 0 0 0 0 0 0 0 0
36374529 0 0 0 0 0 0 0 0 0
36440065 0 0 0 0 0 0 0 0 0
36505601 0 0 0 0 0 0 0 0 0
36571137 0 0 0 0 0 0 0 0 0
36636673 0 0 0 0 0 0 0 0 0
36702209 0 0 0 0 0 0 0 0 0
36767745 0 0 0 0 0 0 0 0 0
36833281 0 0 0 0 0 0 0 0 0
36898817 0 0 0 0 0 0 0 0 0
36964353 0 0 0 0 0 0 0 0 0
37029889 0 0 0 0 0 0 0 0 0
37095425 0 0 0 0 0 0 0 0 0
34015489 0 0 0 0 0 0 0 0 0
34081025 0 0 0 0 0 0 0 0 0
34146561 0 0 0 0 0 0 0 0 0
34212097 0 0 0 0 0 0 0 0 0
34277633 0 0 0 0 0 0 0 0 0
34343169 0 0 0 0 0 0 0 0 0
34408705 0 0 0 0 0 0 0 0 0
34474241 0 0 0 0 0 0 0 0 0
34539777 0 0 0 0 0 0 0 0 0
34605313 0 0 0 0 0 0 0 0 0
34670849 0 0 0 0 0 0 0 0 0
34736385 0 0 0 0 0 0 0 0 0
34801921 0 0 0 0 0 0 0 0 0
34867457 0 0 0 0 0 0 0 0 0
34932993 0 0 0 0 0 0 0 0 0
34998529 0 0 0 0 0 0 0 0 0
35064065 0 0 0 0 0 0 0 0 0
35129601 0 0 0 0 0 0 0 0 0
35195137 0 0 0 0 0 0 0 0 0
35260673 0 0 0 0 0 0 0 0 0
35326209 0 0 0 0 0 0 0 0 0
35391745 0 0 0 0 0 0 0 0 0
35457281 0 0 0 0 0 0 0 0 0
35522817 0 0 0 0 0 0 0 0 0
35588353 0 0 0 0 0 0 0 0 0
35653889 0 0 0 0 0 0 0 0 0
35719425 0 0 0 0 0 0 0 0 0
35784961 0 0 0 0 0 0 0 0 0
35850497 0 0 0 0 0 0 0 0 0
35916033 0 0 0 0 0 0 0 0 0
35981569 0 0 0 0 0 0 0 0 0
36047105 0 0 0 0 0 0 0 0 0
36112641 0 0 0 0 0 0 0 0 0
36178177 0 0 0 0 0 0 0 0 0
36243713 0 0 0 0 0 0 0 0 0
36309249 0 0 0 0 0 0 0 0 0
36374785 0 0 0 0 0 0 0 0 0
36440321 0 0 0 0 0 0 0 0 0
36505857 0 0 0 0 0 0 0 0 0
36571393 0 0 0 0 0 0 0 0 0
36636929 0 0 0 0 0 0 0 0 0
36702465 0 0 0 0 0 0 0 0 0
36768001 0 0 0 0 0 0 0 0 0
36833537 0 0 0 0 0 0 0 0 0
36899073 0 0 0 0 0 0 0 0 0
36964609 0 0 0 0 0 0 0 0 0
37030145 0 0 0 0 0 0 0 0 0
37095681 0 0 0 0 0 0 0 0 0
34015745 0 0 0 0 0 0 0 0 0
34081281 0 0 0 0 0 0 0 0 0
34146817 0 0 0 0 0 0 0 0 0
34212353 0 0 0 0 0 0 0 0 0
34277889 0 0 0 0 0 0 0 0 0
34343425 0 0 0 0 0 0 0 0 0
34408961 0 0 0 0 0 0 0 0 0
34474497 0 0 0 0 0 0 0 0 0
34540033 0 0 0 0 0 0 0 0 0
34605569 0 0 0 0 0 0 0 0 0
34671105 0 0 0 0 0 0 0 0 0
34736641 0 0 0 0 0 0 0 0 0
34802177 0 0 0 0 0 0 0 0 0
34867713 0 0 0 0 0 0 0 0 0
34933249 0 0 0 0 0 0 0 0 0
34998785 0 0 0 0 0 0 0 0 0
35064321 0 0 0 0 0 0 0 0 0
35129857 0 0 0 0 0 0 0 0 0
35195393 0 0 0 0 0 0 0 0 0
35260929 0 0 0 0 0 0 0 0 0
35326465 0 0 0 0 0 0 0 0 0
35392001 0 0 0 0 0 0 0 0 0
35457537 0 0 0 0 0 0 0 0 0
35523073 0 0 0 0 0 0 0 0 0
35588609 0 0 0 0 0 0 0 0 0
35654145 0 0 0 0 0 0 0 0 0
35719681 0 0 0 0 0 0 0 0 0
35785217 0 0 0 0 0 0 0 0 0
35850753 0 0 0 0 0 0 0 0 0
35916289 0 0 0 0 0 0 0 0 0
35981825 0 0 0 0 0 0 0 0 0
36047361 0 0 0 0 0 0 0 0 0
36112897 0 0 0 0 0 0 0 0 0
36178433 0 0 0 0 0 0 0 0 0
36243969 0 0 0 0 0 0 0 0 0
36309505 0 0 0 0 0 0 0 0 0
36375041 0 0 0 0 0 0 0 0 0
36440577 0 0 0 0 0 0 0 0 0
36506113 0 0 0 0 0 0 0 0 0
36571649 0 0 0 0 0 0 0 0 0
36637185 0 0 0 0 0 0 0 0 0
36702721 0 0 0 0 0 0 0 0 0
36768257 0 0 0 0 0 0 0 0 0
36833793 0 0 0 0 0 0 0 0 0
36899329 0 0 0 0 0 0 0 0 0
36964865 0 0 0 0 0 0 0 0 0
37030401 0 0 0 0 0 0 0 0 0
37095937 0 0 0 0 0 0 0 0 0
34016001 0 0 0 0 0 0 0 0 0
34081537 0 0 0 0 0 0 0 0 0
34147073 0 0 0 0 0 0 0 0 0
34212609 0 0 0 0 0 0 0 0 0
34278145 0 0 0 0 0 0 0 0 0
34343681 0 0 0 0 0 0 0 0 0
34409217 0 0 0 0 0 0 0 0 0
34474753 0 0 0 0 0 0 0 0 0
34540289 0 0 0 0 0 0 0 0 0
34605825 0 0 0 0 0 0 0 0 0
34671361 0 0 0 0 0 0 0 0 0
34736897 0 0 0 0 0 0 0 0 0
34802433 0 0 0 0 0 0 0 0 0
34867969 0 0 0 0 0 0 0 0 0
34933505 0 0 0 0 0 0 0 0 0
34999041 0 0 0 0 0 0 0 0 0
35064577 0 0 0 0 0 0 0 0 0
35130113 0 0 0 0 0 0 0 0 0
35195649 0 0 0 0 0 0 0 0 0
35261185 0 0 0 0 0 0 0 0 0
35326721 0 0 0 0 0 0 0 0 0
35392257 0 0 0 0 0 0 0 0 0
35457793 0 0 0 0 0 0 0 0 0
35523329 0 0 0 0 0 0 0 0 0
35588865 0 0 0 0 0 0 0 0 0
35654401 0 0 0 0 0 0 0 0 0
35719937 0 0 0 0 0 0 0 0 0
35785473 0 0 0 0 0 0 0 0 0
35851009 0 0 0 0 0 0 0 0 0
35916545 0 0 0 0 0 0 0 0 0
35982081 0 0 0 0 0 0 0 0 0
36047617 0 0 0 0 0 0 0 0 0
36113153 0 0 0 0 0 0 0 0 0
36178689 0 0 0 0 0 0 0 0 0
36244225 0 0 0 0 0 0 0 0 0
36309761 0 0 0 0 0 0 0 0 0
36375297 0 0 0 0 0 0 0 0 0
36440833 0 0 0 0 0 0 0 0 0
36506369 0 0 0 0 0 0 0 0 0
36571905 0 0 0 0 0 0 0 0 0
36637441 0 0 0 0 0 0 0 0 0
36702977 0 0 0 0 0 0 0 0 0
36768513 0 0 0 0 0 0 0 0 0
36834049 0 0 0 0 0 0 0 0 0
36899585 0 0 0 0 0 0 0 0 0
36965121 0 0 0 0 0 0 0 0 0
37030657 0 0 0 0 0 0 0 0 0
37096193 0 0 0 0 0 0 0 0 0
53936384 0 0 0 11.7 -0.0259 6.23
53936385 0 0 0 11 -0.0128 0.772
53936386 0 0 0 10.1 -0.111 -5.66
53936387 0 0 0 9.76 -0.0423 -9.23
53936388 0 0 0 8.41 -4.74 -0.546
53936389 0 0 0 7.63 -4.31 -4.63
53936390 0 0 0 6.25 3.71 2.11
53936391 0 0 0 6.02 3.59 -9.72
54001664 0 0 0 11.7 -0.0244 6.23
54001665 0 0 0 11 -0.0126 0.76
54001666 0 0 0 10.1 -0.111 -5.66
54001667 0 0 0 9.75 -0.0416 -9.23
54001668 0 0 0 8.41 -4.74 -0.545
54001669 0 0 0 7.63 -4.31 -4.62
54001670 0 0 0 6.25 3.7 2.13
54001671 0 0 0 6.02 3.59 -9.72